기준_년_분기_코드,상권_코드,총_직장_인구_수,남성_직장_인구_수,여성_직장_인구_수,연령대_10_직장_인구_수,연령대_20_직장_인구_수,연령대_30_직장_인구_수,연령대_40_직장_인구_수,연령대_50_직장_인구_수,연령대_60_이상_직장_인구_수,남성연령대_10_직장_인구_수,남성연령대_20_직장_인구_수,남성연령대_30_직장_인구_수,남성연령대_40_직장_인구_수,남성연령대_50_직장_인구_수,남성연령대_60_이상_직장_인구_수,여성연령대_10_직장_인구_수,여성연령대_20_직장_인구_수,여성연령대_30_직장_인구_수,여성연령대_40_직장_인구_수,여성연령대_50_직장_인구_수,여성연령대_60_이상_직장_인구_수
2019_2,1001496,18430,10279,8151,53,4526,6985,4669,1834,363,24,1546,3849,3204,1388,268,29,2980,3136,1465,446,95
2019_2,1001495,26843,16958,9885,115,7377,8144,5710,3611,1886,45,4003,5341,4080,2222,1267,70,3374,2803,1630,1389,619
2019_2,1001494,24700,16394,8306,32,3438,7358,6727,5432,1713,7,1671,4435,4703,4333,1245,25,1767,2923,2024,1099,468
2019_2,1001493,6683,3404,3279,21,1392,2011,1467,1160,632,5,522,910,889,695,383,16,870,1101,578,465,249
2019_2,1001492,133878,65609,68269,318,27739,43557,35187,22443,4634,108,8851,19114,19026,15513,2997,210,18888,24443,16161,6930,1637
2019_2,1001491,5797,3200,2597,26,1315,2074,1350,566,466,15,593,1089,845,374,284,11,722,985,505,192,182
2019_2,1001490,431,268,163,0,43,57,89,112,130,0,18,41,56,77,76,0,25,16,33,35,54
2019_2,1001489,188,104,84,0,31,43,37,44,33,0,14,28,19,18,25,0,17,15,18,26,8
2019_2,1001488,35,20,15,0,3,7,13,7,5,0,1,3,6,7,3,0,2,4,7,0,2
2019_2,1001487,32,20,12,0,3,3,9,8,9,0,1,2,4,5,8,0,2,1,5,3,1
2019_2,1001486,10,5,5,0,0,1,1,5,3,0,0,0,0,3,2,0,0,1,1,2,1
2019_2,1001485,7,2,5,0,1,2,3,1,0,0,0,0,2,0,0,0,1,2,1,1,0
2019_2,1001484,91,61,30,0,14,17,19,27,14,0,10,12,11,17,11,0,4,5,8,10,3
2019_2,1001483,80,50,30,0,3,16,29,18,14,0,1,13,15,11,10,0,2,3,14,7,4
2019_2,1001482,1029,945,84,0,5,36,170,413,405,0,4,29,150,376,386,0,1,7,20,37,19
2019_2,1001481,87,37,50,0,7,13,13,24,30,0,3,9,8,9,8,0,4,4,5,15,22
2019_2,1001480,178,105,73,0,31,32,54,37,24,0,21,12,32,24,16,0,10,20,22,13,8
2019_2,1001479,414,148,266,0,71,111,114,69,49,0,16,31,44,27,30,0,55,80,70,42,19
2019_2,1001478,3029,1247,1782,1,415,423,511,999,680,0,144,236,271,324,272,1,271,187,240,675,408
2019_2,1001477,111,76,35,0,16,26,24,28,17,0,9,19,14,18,16,0,7,7,10,10,1
2019_2,1001476,63,27,36,0,6,7,15,26,9,0,3,4,3,10,7,0,3,3,12,16,2
2019_2,1001475,81,50,31,0,7,18,19,20,17,0,1,7,13,15,14,0,6,11,6,5,3
2019_2,1001474,58,27,31,0,1,6,16,18,17,0,0,5,5,8,9,0,1,1,11,10,8
2019_2,1001473,60,37,23,0,7,11,16,13,13,0,4,5,9,8,11,0,3,6,7,5,2
2019_2,1001472,83,41,42,0,15,15,16,18,19,0,2,8,8,12,11,0,13,7,8,6,8
2019_2,1001471,255,106,149,0,23,74,61,60,37,0,12,30,15,25,24,0,11,44,46,35,13
2019_2,1001470,60,39,21,0,14,14,13,10,9,0,8,10,10,5,6,0,6,4,3,5,3
2019_2,1001469,36,23,13,0,6,9,9,7,5,0,4,7,6,3,3,0,2,2,3,4,2
2019_2,1001468,69,50,19,0,2,4,19,30,14,0,1,3,10,22,14,0,1,1,9,8,0
2019_2,1001467,55,33,22,0,2,7,20,22,4,0,2,6,14,10,1,0,0,1,6,12,3
2019_2,1001466,92,27,65,0,2,17,32,32,9,0,1,8,6,8,4,0,1,9,26,24,5
2019_2,1001465,1,1,0,0,1,0,0,0,0,0,1,0,0,0,0,0,0,0,0,0,0
2019_2,1001464,16,7,9,0,0,2,2,7,5,0,0,2,1,2,2,0,0,0,1,5,3
2019_2,1001463,42,24,18,0,1,2,12,16,11,0,0,2,6,9,7,0,1,0,6,7,4
2019_2,1001462,197,118,79,0,23,48,48,43,35,0,16,37,21,21,23,0,7,11,27,22,12
2019_2,1001461,6,5,1,0,0,0,0,1,5,0,0,0,0,0,5,0,0,0,0,1,0
2019_2,1001460,148,89,59,0,22,33,35,31,27,0,10,17,23,19,20,0,12,16,12,12,7
2019_2,1001459,38,15,23,0,3,2,10,14,9,0,0,1,3,6,5,0,3,1,7,8,4
2019_2,1001458,131,47,84,0,19,25,42,26,19,0,3,7,14,14,9,0,16,18,28,12,10
2019_2,1001457,178,53,125,0,18,12,33,51,64,0,5,5,17,16,10,0,13,7,16,35,54
2019_2,1001456,5,2,3,0,0,0,1,1,3,0,0,0,1,1,0,0,0,0,0,0,3
2019_2,1001455,49,24,25,1,1,6,7,17,17,0,0,2,4,4,14,1,1,4,3,13,3
2019_2,1001454,6,1,5,0,4,0,2,0,0,0,0,0,1,0,0,0,4,0,1,0,0
2019_2,1001453,24,14,10,0,3,2,10,6,3,0,2,2,4,5,1,0,1,0,6,1,2
2019_2,1001452,85,33,52,1,5,10,20,34,15,0,0,2,10,15,6,1,5,8,10,19,9
2019_2,1001451,73,37,36,0,12,10,19,16,16,0,3,2,12,10,10,0,9,8,7,6,6
2019_2,1001450,490,271,219,0,27,21,38,46,358,0,5,8,17,17,224,0,22,13,21,29,134
2019_2,1001449,124,56,68,0,21,24,41,17,21,0,3,13,18,7,15,0,18,11,23,10,6
2019_2,1001448,87,35,52,0,14,8,21,24,20,0,1,2,10,8,14,0,13,6,11,16,6
2019_2,1001447,100,37,63,0,4,14,32,35,15,0,2,5,15,8,7,0,2,9,17,27,8
2019_2,1001446,147,60,87,0,13,30,38,44,22,0,3,12,16,16,13,0,10,18,22,28,9
2019_2,1001445,72,6,66,0,11,17,19,19,6,0,3,0,0,1,2,0,8,17,19,18,4
2019_2,1001444,235,115,120,0,23,64,48,61,39,0,11,30,20,31,23,0,12,34,28,30,16
2019_2,1001443,1,0,1,0,0,0,1,0,0,0,0,0,0,0,0,0,0,0,1,0,0
2019_2,1001442,5,1,4,0,0,3,1,1,0,0,0,0,0,1,0,0,0,3,1,0,0
2019_2,1001441,67,45,22,0,11,8,12,19,17,0,7,6,9,10,13,0,4,2,3,9,4
2019_2,1001440,181,104,77,0,9,41,67,40,24,0,2,28,45,23,6,0,7,13,22,17,18
2019_2,1001439,41,29,12,3,12,9,10,2,5,2,9,6,7,1,4,1,3,3,3,1,1
2019_2,1001438,11,10,1,0,2,2,2,3,2,0,1,2,2,3,2,0,1,0,0,0,0
2019_2,1001437,27,16,11,0,1,4,8,9,5,0,1,4,4,4,3,0,0,0,4,5,2
2019_2,1001436,83,44,39,0,3,16,25,33,6,0,1,8,14,15,6,0,2,8,11,18,0
2019_2,1001435,39,23,16,0,1,4,20,10,4,0,0,4,11,5,3,0,1,0,9,5,1
2019_2,1001433,174,128,46,1,15,49,46,42,21,0,7,36,35,31,19,1,8,13,11,11,2
2019_2,1001432,7,5,2,0,0,1,4,1,1,0,0,1,3,1,0,0,0,0,1,0,1
2019_2,1001431,30,21,9,0,2,7,10,9,2,0,2,5,8,5,1,0,0,2,2,4,1
2019_2,1001430,1918,1031,887,24,305,545,534,320,190,3,108,253,306,222,139,21,197,292,228,98,51
2019_2,1001429,62,35,27,0,9,10,15,14,14,0,7,6,10,7,5,0,2,4,5,7,9
2019_2,1001428,33,24,9,0,1,3,11,6,12,0,0,2,7,6,9,0,1,1,4,0,3
2019_2,1001427,121,55,66,0,13,18,30,41,19,0,6,7,9,21,12,0,7,11,21,20,7
2019_2,1001426,38,17,21,0,6,9,6,8,9,0,2,4,3,2,6,0,4,5,3,6,3
2019_2,1001425,4,2,2,0,1,1,0,2,0,0,0,1,0,1,0,0,1,0,0,1,0
2019_2,1001424,82,56,26,0,3,11,21,22,25,0,1,4,13,14,24,0,2,7,8,8,1
2019_2,1001423,605,473,132,3,29,76,118,195,184,1,18,54,92,145,163,2,11,22,26,50,21
2019_2,1001422,77,23,54,0,3,10,25,27,12,0,0,0,6,7,10,0,3,10,19,20,2
2019_2,1001421,15,10,5,0,0,1,3,6,5,0,0,1,3,3,3,0,0,0,0,3,2
2019_2,1001420,60,13,47,0,7,10,15,21,7,0,0,0,2,5,6,0,7,10,13,16,1
2019_2,1001419,1,1,0,0,0,0,1,0,0,0,0,0,1,0,0,0,0,0,0,0,0
2019_2,1001418,73,24,49,1,5,13,27,18,9,0,0,3,6,9,6,1,5,10,21,9,3
2019_2,1001417,15,9,6,0,1,3,7,3,1,0,1,1,5,1,1,0,0,2,2,2,0
2019_2,1001416,5,4,1,0,0,1,2,2,0,0,0,1,1,2,0,0,0,0,1,0,0
2019_2,1001415,94,61,33,0,8,15,27,24,20,0,5,11,15,15,15,0,3,4,12,9,5
2019_2,1001414,127,44,83,2,20,20,34,32,19,0,0,10,10,11,13,2,20,10,24,21,6
2019_2,1001413,121,37,84,0,16,18,38,36,13,0,4,5,10,11,7,0,12,13,28,25,6
2019_2,1001412,50,21,29,0,4,6,10,20,10,0,2,4,5,8,2,0,2,2,5,12,8
2019_2,1001411,124,41,83,0,15,20,34,39,16,0,2,4,7,15,13,0,13,16,27,24,3
2019_2,1001410,7,6,1,0,0,0,0,3,4,0,0,0,0,2,4,0,0,0,0,1,0
2019_2,1001409,138,68,70,0,24,25,30,32,27,0,12,10,19,13,14,0,12,15,11,19,13
2019_2,1001408,118,53,65,0,27,42,25,12,12,0,9,15,10,10,9,0,18,27,15,2,3
2019_2,1001407,3,3,0,0,1,1,0,1,0,0,1,1,0,1,0,0,0,0,0,0,0
2019_2,1001406,111,72,39,1,7,21,40,22,20,0,3,12,22,18,17,1,4,9,18,4,3
2019_2,1001405,45,10,35,0,3,10,14,16,2,0,0,2,5,1,2,0,3,8,9,15,0
2019_2,1001404,27,8,19,0,7,5,7,6,2,0,1,1,3,2,1,0,6,4,4,4,1
2019_2,1001403,43,22,21,0,1,6,14,10,12,0,0,1,5,7,9,0,1,5,9,3,3
2019_2,1001402,184,116,68,1,26,42,40,40,35,0,13,26,32,22,23,1,13,16,8,18,12
2019_2,1001400,10,6,4,0,1,2,3,4,0,0,0,1,3,2,0,0,1,1,0,2,0
2019_2,1001399,56,18,38,0,0,6,17,15,18,0,0,1,2,7,8,0,0,5,15,8,10
2019_2,1001398,71,49,22,0,5,16,18,25,7,0,1,9,13,21,5,0,4,7,5,4,2
2019_2,1001397,54,25,29,0,4,10,21,14,5,0,2,5,11,5,2,0,2,5,10,9,3
2019_2,1001396,84,48,36,0,13,14,21,23,13,0,7,9,8,13,11,0,6,5,13,10,2
2019_2,1001395,181,82,99,0,15,27,51,53,35,0,3,6,19,29,25,0,12,21,32,24,10
2019_2,1001394,426,233,193,0,44,134,118,78,52,0,20,71,67,39,36,0,24,63,51,39,16
2019_2,1001393,329,231,98,0,21,41,74,110,83,0,16,32,47,80,56,0,5,9,27,30,27
2019_2,1001392,10,5,5,0,1,1,2,4,2,0,1,0,0,2,2,0,0,1,2,2,0
2019_2,1001391,232,141,91,1,32,75,67,29,28,1,15,49,41,16,19,0,17,26,26,13,9
2019_2,1001390,186,86,100,0,26,35,52,44,29,0,12,21,26,13,14,0,14,14,26,31,15
2019_2,1001389,24,10,14,0,0,2,11,7,4,0,0,1,4,3,2,0,0,1,7,4,2
2019_2,1001388,23,12,11,0,0,3,12,6,2,0,0,1,7,2,2,0,0,2,5,4,0
2019_2,1001387,48,31,17,0,2,1,6,8,31,0,0,1,3,5,22,0,2,0,3,3,9
2019_2,1001386,28,16,12,0,5,5,9,3,6,0,1,4,6,2,3,0,4,1,3,1,3
2019_2,1001385,839,461,378,5,283,352,130,43,26,1,120,207,80,36,17,4,163,145,50,7,9
2019_2,1001384,8,3,5,0,0,1,3,1,3,0,0,1,1,0,1,0,0,0,2,1,2
2019_2,1001383,3883,1806,2077,18,1170,1392,926,268,109,9,373,588,574,172,90,9,797,804,352,96,19
2019_2,1001382,57,47,10,0,4,29,14,8,2,0,2,24,13,6,2,0,2,5,1,2,0
2019_2,1001381,14,9,5,0,0,0,4,4,6,0,0,0,2,2,5,0,0,0,2,2,1
2019_2,1001380,71,53,18,0,9,9,14,17,22,0,5,7,9,13,19,0,4,2,5,4,3
2019_2,1001379,51,7,44,0,1,4,6,9,31,0,0,1,0,3,3,0,1,3,6,6,28
2019_2,1001378,51,28,23,0,5,8,9,17,12,0,0,4,5,10,9,0,5,4,4,7,3
2019_2,1001377,58,25,33,0,18,9,14,14,3,0,3,5,6,8,3,0,15,4,8,6,0
2019_2,1001376,9,4,5,0,0,2,1,3,3,0,0,0,0,2,2,0,0,2,1,1,1
2019_2,1001375,65,12,53,0,0,4,23,32,6,0,0,3,3,4,2,0,0,1,20,28,4
2019_2,1001374,234,46,188,0,25,55,62,64,28,0,4,12,8,12,10,0,21,43,54,52,18
2019_2,1001373,18,12,6,0,0,0,3,5,10,0,0,0,0,2,10,0,0,0,3,3,0
2019_2,1001372,30,14,16,0,4,10,8,4,4,0,1,6,3,1,3,0,3,4,5,3,1
2019_2,1001371,11,4,7,0,1,4,4,2,0,0,0,1,2,1,0,0,1,3,2,1,0
2019_2,1001370,2,2,0,0,0,0,1,0,1,0,0,0,1,0,1,0,0,0,0,0,0
2019_2,1001369,1,1,0,0,0,0,0,1,0,0,0,0,0,1,0,0,0,0,0,0,0
2019_2,1001368,200,139,61,0,11,32,40,57,60,0,2,13,26,47,51,0,9,19,14,10,9
2019_2,1001367,132,67,65,1,26,25,33,28,19,1,14,17,13,14,8,0,12,8,20,14,11
2019_2,1001366,9,3,6,0,1,1,1,3,3,0,0,1,0,2,0,0,1,0,1,1,3
2019_2,1001365,209,165,44,0,7,17,33,75,77,0,3,7,19,65,71,0,4,10,14,10,6
2019_2,1001364,46,16,30,0,2,6,14,14,10,0,0,1,5,8,2,0,2,5,9,6,8
2019_2,1001363,58,14,44,0,1,2,2,21,32,0,0,2,0,1,11,0,1,0,2,20,21
2019_2,1001362,30,13,17,0,0,3,11,8,8,0,0,0,4,2,7,0,0,3,7,6,1
2019_2,1001361,9,6,3,0,0,0,3,2,4,0,0,0,3,2,1,0,0,0,0,0,3
2019_2,1001360,106,52,54,0,19,42,22,17,6,0,7,22,13,8,2,0,12,20,9,9,4
2019_2,1001359,82,33,49,0,4,19,21,24,14,0,1,8,12,5,7,0,3,11,9,19,7
2019_2,1001358,19,13,6,0,1,1,6,6,5,0,0,0,5,4,4,0,1,1,1,2,1
2019_2,1001357,958,615,343,0,13,14,46,90,795,0,2,4,18,43,548,0,11,10,28,47,247
2019_2,1001356,9,5,4,0,0,1,0,1,7,0,0,1,0,0,4,0,0,0,0,1,3
2019_2,1001355,45,24,21,0,4,6,12,16,7,0,3,4,4,8,5,0,1,2,8,8,2
2019_2,1001354,70,53,17,0,4,7,25,20,14,0,3,6,14,17,13,0,1,1,11,3,1
2019_2,1001353,133,68,65,0,8,25,26,31,43,0,1,6,10,17,34,0,7,19,16,14,9
2019_2,1001352,51,27,24,0,14,9,13,10,5,0,3,5,6,9,4,0,11,4,7,1,1
2019_2,1001351,86,36,50,1,11,18,30,21,5,0,3,6,14,9,4,1,8,12,16,12,1
2019_2,1001350,57,25,32,0,7,12,8,15,15,0,0,3,1,8,13,0,7,9,7,7,2
2019_2,1001349,98,61,37,0,17,19,26,27,9,0,8,13,17,16,7,0,9,6,9,11,2
2019_2,1001348,104,39,65,0,10,21,33,22,18,0,4,6,15,6,8,0,6,15,18,16,10
2019_2,1001347,177,147,30,0,35,31,38,62,11,0,34,23,27,53,10,0,1,8,11,9,1
2019_2,1001346,30,19,11,0,1,6,11,5,7,0,0,4,6,3,6,0,1,2,5,2,1
2019_2,1001345,4,1,3,0,0,0,1,3,0,0,0,0,0,1,0,0,0,0,1,2,0
2019_2,1001344,15,11,4,1,2,7,1,4,0,1,1,5,1,3,0,0,1,2,0,1,0
2019_2,1001343,74,43,31,0,6,8,17,21,22,0,3,4,9,13,14,0,3,4,8,8,8
2019_2,1001342,13,1,12,0,1,3,3,4,2,0,0,0,0,1,0,0,1,3,3,3,2
2019_2,1001341,18,5,13,0,4,6,2,1,5,0,0,0,1,0,4,0,4,6,1,1,1
2019_2,1001340,115,58,57,0,8,15,30,33,29,0,3,5,15,18,17,0,5,10,15,15,12
2019_2,1001339,35,10,25,0,2,9,15,8,1,0,1,3,1,4,1,0,1,6,14,4,0
2019_2,1001338,102,27,75,0,19,15,29,22,17,0,1,2,7,11,6,0,18,13,22,11,11
2019_2,1001337,32,7,25,0,1,6,12,10,3,0,0,0,2,5,0,0,1,6,10,5,3
2019_2,1001336,345,123,222,1,83,68,80,75,38,0,31,16,28,28,20,1,52,52,52,47,18
2019_2,1001335,43,36,7,0,4,10,14,9,6,0,3,8,13,7,5,0,1,2,1,2,1
2019_2,1001334,57,17,40,0,16,6,20,10,5,0,3,3,3,5,3,0,13,3,17,5,2
2019_2,1001333,66,28,38,0,6,12,21,16,11,0,2,5,11,7,3,0,4,7,10,9,8
2019_2,1001332,93,39,54,0,13,14,29,21,16,0,0,5,9,9,16,0,13,9,20,12,0
2019_2,1001331,56,22,34,0,1,2,13,19,21,0,1,1,8,8,4,0,0,1,5,11,17
2019_2,1001330,230,100,130,1,26,30,60,83,30,0,8,14,23,39,16,1,18,16,37,44,14
2019_2,1001329,184,69,115,0,24,42,38,41,39,0,5,12,9,19,24,0,19,30,29,22,15
2019_2,1001328,1,1,0,0,0,0,0,1,0,0,0,0,0,1,0,0,0,0,0,0,0
2019_2,1001327,14,7,7,0,0,1,0,2,11,0,0,1,0,1,5,0,0,0,0,1,6
2019_2,1001326,63,18,45,0,9,20,13,13,8,0,1,5,5,4,3,0,8,15,8,9,5
2019_2,1001325,11,7,4,0,0,0,3,2,6,0,0,0,1,1,5,0,0,0,2,1,1
2019_2,1001324,71,38,33,0,4,15,19,23,10,0,3,7,9,10,9,0,1,8,10,13,1
2019_2,1001323,99,41,58,5,20,21,30,10,13,1,4,7,16,5,8,4,16,14,14,5,5
2019_2,1001322,13,8,5,0,0,0,1,1,11,0,0,0,0,0,8,0,0,0,1,1,3
2019_2,1001321,53,45,8,0,5,6,9,24,9,0,4,6,8,19,8,0,1,0,1,5,1
2019_2,1001320,17,10,7,0,2,2,7,5,1,0,1,1,4,3,1,0,1,1,3,2,0
2019_2,1001319,18,11,7,0,1,4,3,3,7,0,1,1,3,2,4,0,0,3,0,1,3
2019_2,1001318,9,7,2,0,0,0,1,5,3,0,0,0,1,4,2,0,0,0,0,1,1
2019_2,1001317,15,12,3,1,1,4,2,5,2,1,1,4,2,2,2,0,0,0,0,3,0
2019_2,1001316,1213,668,545,3,114,199,313,353,231,0,56,115,174,196,127,3,58,84,139,157,104
2019_2,1001315,4,3,1,0,0,0,1,1,2,0,0,0,1,0,2,0,0,0,0,1,0
2019_2,1001314,148,67,81,0,14,30,36,34,34,0,2,8,19,16,22,0,12,22,17,18,12
2019_2,1001313,20,12,8,0,0,5,7,3,5,0,0,4,4,1,3,0,0,1,3,2,2
2019_2,1001312,4,2,2,0,0,0,1,2,1,0,0,0,0,1,1,0,0,0,1,1,0
2019_2,1001310,8,4,4,0,0,0,3,3,2,0,0,0,1,1,2,0,0,0,2,2,0
2019_2,1001309,33,18,15,0,8,7,13,4,1,0,4,4,6,3,1,0,4,3,7,1,0
2019_2,1001308,19,12,7,0,6,4,4,5,0,0,4,3,1,4,0,0,2,1,3,1,0
2019_2,1001307,10,9,1,0,1,1,4,2,2,0,1,1,4,1,2,0,0,0,0,1,0
2019_2,1001306,26,14,12,0,3,4,9,8,2,0,2,3,6,2,1,0,1,1,3,6,1
2019_2,1001305,16,10,6,0,0,0,5,10,1,0,0,0,4,5,1,0,0,0,1,5,0
2019_2,1001304,63,34,29,0,6,19,20,8,10,0,4,10,9,6,5,0,2,9,11,2,5
2019_2,1001303,10,3,7,0,2,1,4,3,0,0,0,1,1,1,0,0,2,0,3,2,0
2019_2,1001302,62,44,18,0,3,12,9,26,12,0,2,9,8,16,9,0,1,3,1,10,3
2019_2,1001301,122,70,52,0,13,25,29,37,18,0,5,16,20,15,14,0,8,9,9,22,4
2019_2,1001300,30,7,23,0,3,7,13,5,2,0,0,1,4,1,1,0,3,6,9,4,1
2019_2,1001299,68,43,25,0,15,12,14,14,13,0,9,7,9,8,10,0,6,5,5,6,3
2019_2,1001298,55,31,24,0,9,11,13,14,8,0,5,7,6,7,6,0,4,4,7,7,2
2019_2,1001297,62,36,26,0,6,7,16,17,16,0,3,3,6,13,11,0,3,4,10,4,5
2019_2,1001296,31,12,19,0,3,7,7,4,10,0,1,1,4,2,4,0,2,6,3,2,6
2019_2,1001295,342,155,187,1,44,64,102,82,49,1,14,24,47,39,30,0,30,40,55,43,19
2019_2,1001294,615,416,199,0,53,122,175,150,115,0,42,80,121,98,75,0,11,42,54,52,40
2019_2,1001293,14,6,8,0,0,0,4,5,5,0,0,0,0,2,4,0,0,0,4,3,1
2019_2,1001292,3,2,1,0,0,2,0,0,1,0,0,2,0,0,0,0,0,0,0,0,1
2019_2,1001291,50,30,20,0,22,14,5,7,2,0,15,7,4,3,1,0,7,7,1,4,1
2019_2,1001290,100,71,29,0,8,16,23,26,27,0,5,9,11,21,25,0,3,7,12,5,2
2019_2,1001289,25,9,16,0,2,2,7,12,2,0,0,1,1,6,1,0,2,1,6,6,1
2019_2,1001288,15,12,3,0,0,2,1,7,5,0,0,1,1,6,4,0,0,1,0,1,1
2019_2,1001287,7,4,3,1,0,2,1,2,1,1,0,1,1,0,1,0,0,1,0,2,0
2019_2,1001286,22,20,2,0,2,2,3,3,12,0,2,2,1,3,12,0,0,0,2,0,0
2019_2,1001285,715,487,228,1,83,262,205,155,9,0,23,138,168,150,8,1,60,124,37,5,1
2019_2,1001284,497,345,152,0,104,160,102,70,61,0,80,115,55,46,49,0,24,45,47,24,12
2019_2,1001283,102,52,50,0,13,16,31,24,18,0,5,8,15,13,11,0,8,8,16,11,7
2019_2,1001282,288,129,159,1,50,55,71,57,54,1,12,11,34,33,38,0,38,44,37,24,16
2019_2,1001281,117,45,72,0,16,40,42,14,5,0,8,21,9,5,2,0,8,19,33,9,3
2019_2,1001280,66,37,29,0,10,20,20,12,4,0,4,13,10,7,3,0,6,7,10,5,1
2019_2,1001279,216,148,68,0,24,60,42,57,33,0,12,43,27,38,28,0,12,17,15,19,5
2019_2,1001278,3,2,1,0,1,1,1,0,0,0,1,0,1,0,0,0,0,1,0,0,0
2019_2,1001277,1245,767,478,2,106,235,291,320,291,0,59,141,158,196,213,2,47,94,133,124,78
2019_2,1001276,1433,1006,427,6,168,476,470,236,77,0,73,290,388,195,60,6,95,186,82,41,17
2019_2,1001275,180,126,54,0,3,23,57,54,43,0,3,14,42,37,30,0,0,9,15,17,13
2019_2,1001274,3125,1030,2095,4,1745,623,302,231,220,1,313,205,210,146,155,3,1432,418,92,85,65
2019_2,1001273,6883,2898,3985,4,1122,2297,1842,1257,361,2,302,977,915,469,233,2,820,1320,927,788,128
2019_2,1001272,35,25,10,0,0,11,10,6,8,0,0,10,6,4,5,0,0,1,4,2,3
2019_2,1001271,554,263,291,4,134,138,107,108,63,3,37,49,61,66,47,1,97,89,46,42,16
2019_2,1001270,18,9,9,0,0,2,5,8,3,0,0,2,2,3,2,0,0,0,3,5,1
2019_2,1001269,10,6,4,0,0,1,3,5,1,0,0,1,1,3,1,0,0,0,2,2,0
2019_2,1001268,53,30,23,0,8,12,14,13,6,0,4,9,7,6,4,0,4,3,7,7,2
2019_2,1001267,180,102,78,1,15,26,46,44,48,1,12,17,18,22,32,0,3,9,28,22,16
2019_2,1001266,1459,1062,397,2,153,362,395,389,158,1,115,274,272,277,123,1,38,88,123,112,35
2019_2,1001265,395,276,119,0,25,63,97,119,91,0,14,35,72,79,76,0,11,28,25,40,15
2019_2,1001264,72,32,40,0,3,22,14,16,17,0,1,7,6,8,10,0,2,15,8,8,7
2019_2,1001263,485,181,304,2,115,71,102,101,94,0,25,30,42,37,47,2,90,41,60,64,47
2019_2,1001262,297,130,167,2,52,47,63,59,74,1,11,24,33,26,35,1,41,23,30,33,39
2019_2,1001261,401,96,305,2,113,95,94,50,47,0,15,17,26,21,17,2,98,78,68,29,30
2019_2,1001260,1106,645,461,1,126,230,244,250,255,0,43,117,129,154,202,1,83,113,115,96,53
2019_2,1001259,97,49,48,0,14,21,26,22,14,0,1,10,16,11,11,0,13,11,10,11,3
2019_2,1001258,73,24,49,0,7,11,31,19,5,0,2,3,10,7,2,0,5,8,21,12,3
2019_2,1001257,2296,1126,1170,3,255,596,558,592,292,1,84,223,255,396,167,2,171,373,303,196,125
2019_2,1001256,870,443,427,1,90,126,160,232,261,1,24,59,82,131,146,0,66,67,78,101,115
2019_2,1001255,106,20,86,0,10,13,15,29,39,0,2,4,3,6,5,0,8,9,12,23,34
2019_2,1001254,598,172,426,6,164,133,149,100,46,3,33,40,38,32,26,3,131,93,111,68,20
2019_2,1001253,58,23,35,0,6,14,7,13,18,0,2,5,2,5,9,0,4,9,5,8,9
2019_2,1001252,292,137,155,1,32,69,79,86,25,1,9,29,36,51,11,0,23,40,43,35,14
2019_2,1001251,307,207,100,0,68,76,68,52,43,0,46,57,48,26,30,0,22,19,20,26,13
2019_2,1001250,87,31,56,0,10,16,23,22,16,0,1,2,10,7,11,0,9,14,13,15,5
2019_2,1001249,118,40,78,0,13,25,21,19,40,0,2,8,12,5,13,0,11,17,9,14,27
2019_2,1001248,222,105,117,0,15,41,62,62,42,0,4,12,36,30,23,0,11,29,26,32,19
2019_2,1001247,97,50,47,1,15,23,25,21,12,1,5,10,18,12,4,0,10,13,7,9,8
2019_2,1001246,200,96,104,7,54,45,31,36,27,7,30,24,12,9,14,0,24,21,19,27,13
2019_2,1001245,1309,888,421,0,120,228,374,430,157,0,49,128,270,330,111,0,71,100,104,100,46
2019_2,1001244,82,32,50,1,17,15,18,15,16,0,11,5,6,6,4,1,6,10,12,9,12
2019_2,1001243,76,39,37,1,13,25,15,11,11,0,8,16,7,2,6,1,5,9,8,9,5
2019_2,1001242,516,229,287,1,67,123,142,89,94,0,23,40,62,40,64,1,44,83,80,49,30
2019_2,1001241,337,266,71,1,16,43,104,131,42,0,6,31,92,113,24,1,10,12,12,18,18
2019_2,1001240,1581,798,783,3,264,476,350,228,260,2,74,178,187,148,209,1,190,298,163,80,51
2019_2,1001239,6841,4400,2441,16,1404,2509,2033,708,171,10,650,1612,1451,551,126,6,754,897,582,157,45
2019_2,1001238,925,471,454,2,96,132,172,238,285,2,54,68,79,96,172,0,42,64,93,142,113
2019_2,1001237,305,143,162,0,31,86,70,58,60,0,13,29,36,29,36,0,18,57,34,29,24
2019_2,1001236,1657,826,831,2,130,262,343,427,493,1,40,136,204,193,252,1,90,126,139,234,241
2019_2,1001235,3070,2122,948,0,381,1083,1106,427,73,0,223,691,805,344,59,0,158,392,301,83,14
2019_2,1001234,633,422,211,1,61,123,144,145,159,0,29,73,87,104,129,1,32,50,57,41,30
2019_2,1001233,1208,595,613,5,202,315,298,256,132,0,57,137,162,147,92,5,145,178,136,109,40
2019_2,1001232,909,446,463,6,153,213,158,171,208,2,46,111,82,78,127,4,107,102,76,93,81
2019_2,1001231,4387,1150,3237,3,565,788,832,1324,875,1,134,323,310,213,169,2,431,465,522,1111,706
2019_2,1001230,25772,15160,10612,609,8168,6824,5275,3273,1623,316,3852,3972,3610,2387,1023,293,4316,2852,1665,886,600
2019_2,1001229,1304,937,367,1,136,353,379,270,165,1,64,214,280,229,149,0,72,139,99,41,16
2019_2,1001228,1775,1159,616,3,234,447,435,391,265,1,104,249,282,310,213,2,130,198,153,81,52
2019_2,1001227,22114,12078,10036,12,2420,7134,7410,3825,1313,4,986,3179,4327,2726,856,8,1434,3955,3083,1099,457
2019_2,1001226,11914,7932,3982,32,1837,4005,3307,2126,607,1,750,2455,2493,1797,436,31,1087,1550,814,329,171
2019_2,1001225,202,110,92,0,18,47,54,40,43,0,9,20,24,21,36,0,9,27,30,19,7
2019_2,1001224,749,320,429,2,135,199,166,121,126,0,36,69,63,62,90,2,99,130,103,59,36
2019_2,1001223,25717,16545,9172,39,3121,7583,6991,4994,2989,18,1235,4514,5078,3672,2028,21,1886,3069,1913,1322,961
2019_2,1001222,869,772,97,2,139,327,219,117,65,1,135,299,191,92,54,1,4,28,28,25,11
2019_2,1001221,1764,644,1120,3,299,451,503,354,154,0,74,151,159,160,100,3,225,300,344,194,54
2019_2,1001220,751,232,519,2,62,156,277,161,93,2,14,45,59,53,59,0,48,111,218,108,34
2019_2,1001219,31,18,13,0,1,4,3,11,12,0,0,2,0,8,8,0,1,2,3,3,4
2019_2,1001218,235,139,96,0,16,38,50,64,67,0,3,16,27,39,54,0,13,22,23,25,13
2019_2,1001217,30,13,17,0,0,3,6,8,13,0,0,0,6,0,7,0,0,3,0,8,6
2019_2,1001216,2698,1215,1483,3,412,760,578,504,441,0,107,297,257,273,281,3,305,463,321,231,160
2019_2,1001215,14333,8386,5947,16,2684,5472,4081,1715,365,3,955,2866,2835,1432,295,13,1729,2606,1246,283,70
2019_2,1001214,10055,7801,2254,8,1441,3062,2637,2697,210,0,850,2068,2140,2553,190,8,591,994,497,144,20
2019_2,1001213,3763,2264,1499,3,690,1401,1059,433,177,1,299,862,751,240,111,2,391,539,308,193,66
2019_2,1001212,89,60,29,1,5,20,26,22,15,1,0,8,20,16,15,0,5,12,6,6,0
2019_2,1001211,1597,460,1137,0,360,674,261,239,63,0,57,188,111,71,33,0,303,486,150,168,30
2019_2,1001210,14293,9492,4801,42,2637,4562,4106,2373,573,23,1240,2853,3103,1798,475,19,1397,1709,1003,575,98
2019_2,1001209,9762,5303,4459,7,2017,3161,2672,1347,558,2,706,1610,1667,927,391,5,1311,1551,1005,420,167
2019_2,1001208,3297,2165,1132,6,369,794,823,648,657,1,169,524,562,432,477,5,200,270,261,216,180
2019_2,1001207,764,425,339,2,113,195,168,155,131,0,52,96,86,104,87,2,61,99,82,51,44
2019_2,1001206,1313,917,396,0,184,454,329,282,64,0,68,299,252,251,47,0,116,155,77,31,17
2019_2,1001205,3244,2583,661,1,417,903,1002,609,312,1,350,769,825,439,199,0,67,134,177,170,113
2019_2,1001204,4668,2292,2376,3,527,1245,1277,976,640,1,138,526,629,583,415,2,389,719,648,393,225
2019_2,1001203,33325,13963,19362,98,4294,8917,11270,7578,1168,34,1488,2716,4062,4941,722,64,2806,6201,7208,2637,446
2019_2,1001202,24501,9056,15445,122,12458,7911,2488,1213,309,40,3108,2859,1776,1029,244,82,9350,5052,712,184,65
2019_2,1001201,397,195,202,1,57,83,86,84,86,0,17,41,42,41,54,1,40,42,44,43,32
2019_2,1001200,6996,3577,3419,21,1087,2240,2039,943,666,2,392,1146,997,583,457,19,695,1094,1042,360,209
2019_2,1001199,17551,7586,9965,53,2666,4718,5058,3650,1406,16,762,2220,2504,1242,842,37,1904,2498,2554,2408,564
2019_2,1001198,407,199,208,1,51,74,105,109,67,1,15,29,48,56,50,0,36,45,57,53,17
2019_2,1001197,1648,1063,585,1,278,422,447,293,207,0,165,264,292,181,161,1,113,158,155,112,46
2019_2,1001196,38617,23204,15413,82,5521,13796,12266,6056,896,15,2085,6827,8261,5289,727,67,3436,6969,4005,767,169
2019_2,1001195,295,151,144,0,49,77,73,59,37,0,18,36,49,26,22,0,31,41,24,33,15
2019_2,1001194,1381,854,527,3,154,329,335,308,252,3,73,197,223,201,157,0,81,132,112,107,95
2019_2,1001193,1134,766,368,1,69,161,190,181,532,0,24,86,118,123,415,1,45,75,72,58,117
2019_2,1001192,4375,2786,1589,5,616,1249,1397,811,297,2,321,842,844,563,214,3,295,407,553,248,83
2019_2,1001191,20,11,9,0,4,11,3,2,0,0,3,7,1,0,0,0,1,4,2,2,0
2019_2,1001190,3895,2272,1623,36,1070,1074,703,630,382,1,426,703,456,381,305,35,644,371,247,249,77
2019_2,1001189,10846,7088,3758,6,1333,3417,3970,1645,475,3,666,2019,2978,1221,201,3,667,1398,992,424,274
2019_2,1001188,2514,1233,1281,6,629,890,629,259,101,0,123,464,421,170,55,6,506,426,208,89,46
2019_2,1001187,44,22,22,0,4,6,7,11,16,0,1,2,1,8,10,0,3,4,6,3,6
2019_2,1001186,377,158,219,2,71,59,98,87,60,0,25,19,42,34,38,2,46,40,56,53,22
2019_2,1001185,969,401,568,8,204,249,191,192,125,3,66,105,84,82,61,5,138,144,107,110,64
2019_2,1001184,877,348,529,2,110,177,263,209,116,2,23,85,90,76,72,0,87,92,173,133,44
2019_2,1001183,1685,599,1086,6,223,398,279,359,420,4,61,164,152,108,110,2,162,234,127,251,310
2019_2,1001182,10364,5912,4452,69,2281,2840,2352,1667,1155,46,1068,1619,1474,904,801,23,1213,1221,878,763,354
2019_2,1001181,726,433,293,0,103,180,220,139,84,0,44,113,130,90,56,0,59,67,90,49,28
2019_2,1001180,849,329,520,6,217,255,166,116,89,4,35,84,78,70,58,2,182,171,88,46,31
2019_2,1001179,4335,2630,1705,2,483,1303,1114,1054,379,1,199,727,693,760,250,1,284,576,421,294,129
2019_2,1001178,1608,858,750,5,304,488,413,240,158,2,78,237,248,166,127,3,226,251,165,74,31
2019_2,1001177,206,95,111,0,39,52,44,41,30,0,8,21,23,21,22,0,31,31,21,20,8
2019_2,1001176,13,3,10,0,3,2,3,1,4,0,0,0,2,0,1,0,3,2,1,1,3
2019_2,1001175,1023,653,370,6,114,198,202,268,235,3,43,114,132,180,181,3,71,84,70,88,54
2019_2,1001174,111,55,56,0,16,21,14,30,30,0,2,12,9,16,16,0,14,9,5,14,14
2019_2,1001173,663,252,411,6,84,95,173,168,137,6,37,44,70,47,48,0,47,51,103,121,89
2019_2,1001172,47,15,32,0,2,5,11,18,11,0,0,2,5,3,5,0,2,3,6,15,6
2019_2,1001171,3874,2494,1380,9,673,961,1150,963,118,0,234,520,795,850,95,9,439,441,355,113,23
2019_2,1001170,2470,1444,1026,9,373,741,617,537,193,8,113,391,376,417,139,1,260,350,241,120,54
2019_2,1001169,2911,571,2340,6,221,471,1070,1063,80,1,59,158,205,124,24,5,162,313,865,939,56
2019_2,1001168,6921,4022,2899,260,2507,2488,1119,415,132,111,1220,1493,796,300,102,149,1287,995,323,115,30
2019_2,1001167,5172,3743,1429,1,909,1174,1163,1756,169,0,707,966,848,1120,102,1,202,208,315,636,67
2019_2,1001166,13137,8053,5084,13,1691,3046,2910,3166,2311,9,906,1993,2129,1699,1317,4,785,1053,781,1467,994
2019_2,1001165,551,301,250,0,128,117,104,89,113,0,34,50,65,68,84,0,94,67,39,21,29
2019_2,1001164,3431,2457,974,4,503,1009,794,609,512,2,290,639,598,496,432,2,213,370,196,113,80
2019_2,1001163,2198,1018,1180,4,485,645,489,287,288,1,140,339,239,124,175,3,345,306,250,163,113
2019_2,1001162,154,67,87,0,23,32,40,26,33,0,4,8,18,11,26,0,19,24,22,15,7
2019_2,1001161,362,212,150,4,46,109,89,73,41,0,20,62,61,37,32,4,26,47,28,36,9
2019_2,1001160,914,588,326,6,110,169,253,208,168,6,56,102,159,141,124,0,54,67,94,67,44
2019_2,1001159,327,139,188,0,34,62,65,83,83,0,3,15,39,30,52,0,31,47,26,53,31
2019_2,1001158,1672,1152,520,3,133,194,285,368,689,2,73,131,195,256,495,1,60,63,90,112,194
2019_2,1001157,178,74,104,2,49,19,27,38,43,0,18,6,8,16,26,2,31,13,19,22,17
2019_2,1001156,2749,1262,1487,7,272,461,659,817,533,5,134,265,346,251,261,2,138,196,313,566,272
2019_2,1001155,2223,1678,545,12,401,795,640,271,104,10,271,627,489,198,83,2,130,168,151,73,21
2019_2,1001154,349,252,97,2,73,114,92,40,28,1,46,88,63,29,25,1,27,26,29,11,3
2019_2,1001153,331,183,148,1,26,65,87,80,72,1,4,34,38,44,62,0,22,31,49,36,10
2019_2,1001152,2160,1695,465,5,243,461,638,495,318,3,121,359,544,415,253,2,122,102,94,80,65
2019_2,1001151,2244,1656,588,9,378,755,620,319,163,5,221,565,475,253,137,4,157,190,145,66,26
2019_2,1001150,846,505,341,14,156,170,167,175,164,9,91,110,98,100,97,5,65,60,69,75,67
2019_2,1001149,659,450,209,3,119,256,169,66,46,2,57,185,129,45,32,1,62,71,40,21,14
2019_2,1001148,63,17,46,0,12,15,14,16,6,0,0,4,4,5,4,0,12,11,10,11,2
2019_2,1001147,594,475,119,12,117,205,177,50,33,9,103,165,135,35,28,3,14,40,42,15,5
2019_2,1001146,284,197,87,0,25,36,61,87,75,0,11,24,43,62,57,0,14,12,18,25,18
2019_2,1001145,3414,2466,948,13,583,1218,976,408,216,8,350,858,775,303,172,5,233,360,201,105,44
2019_2,1001144,18939,11162,7777,27,3986,6561,4621,2506,1238,14,1635,3738,3146,1769,860,13,2351,2823,1475,737,378
2019_2,1001143,968,657,311,2,186,280,264,166,70,1,95,172,196,135,58,1,91,108,68,31,12
2019_2,1001142,4489,3474,1015,10,713,1285,1247,966,268,0,429,924,1047,869,205,10,284,361,200,97,63
2019_2,1001141,8894,3075,5819,44,3059,3161,1572,610,448,12,662,1119,706,317,259,32,2397,2042,866,293,189
2019_2,1001140,9378,4528,4850,248,2537,2312,1664,1283,1334,91,1026,1155,1037,589,630,157,1511,1157,627,694,704
2019_2,1001139,434,269,165,1,53,96,112,96,76,1,23,45,72,69,59,0,30,51,40,27,17
2019_2,1001138,14181,6988,7193,35,3949,5247,2891,1563,496,5,1128,2416,1816,1273,350,30,2821,2831,1075,290,146
2019_2,1001137,302,132,170,1,26,57,51,49,118,0,6,13,23,21,69,1,20,44,28,28,49
2019_2,1001136,114,58,56,1,18,15,34,26,20,0,11,5,15,14,13,1,7,10,19,12,7
2019_2,1001135,15305,7796,7509,29,3435,4828,3716,2057,1240,7,1096,2526,2148,1167,852,22,2339,2302,1568,890,388
2019_2,1001134,31529,20808,10721,85,4928,10643,8622,5059,2192,12,2686,6888,6461,3536,1225,73,2242,3755,2161,1523,967
2019_2,1001133,3033,2097,936,1,670,1035,741,404,182,1,348,740,586,286,136,0,322,295,155,118,46
2019_2,1001132,1647,1042,605,2,148,420,440,319,318,1,77,226,288,226,224,1,71,194,152,93,94
2019_2,1001131,4354,3343,1011,8,503,1312,1539,776,216,6,206,931,1325,694,181,2,297,381,214,82,35
2019_2,1001130,5401,3449,1952,0,787,1912,1442,1024,236,0,337,1079,1038,826,169,0,450,833,404,198,67
2019_2,1001129,1350,711,639,7,329,363,315,227,109,1,120,194,184,140,72,6,209,169,131,87,37
2019_2,1001128,503,192,311,0,166,169,94,50,24,0,49,57,53,21,12,0,117,112,41,29,12
2019_2,1001127,20996,13276,7720,51,3628,5841,5767,3919,1790,8,1596,3541,4076,2827,1228,43,2032,2300,1691,1092,562
2019_2,1001126,31,21,10,0,2,4,12,8,5,0,1,3,6,6,5,0,1,1,6,2,0
2019_2,1001125,2344,1351,993,2,346,724,708,410,154,0,120,392,436,292,111,2,226,332,272,118,43
2019_2,1001124,620,394,226,1,68,97,173,180,101,0,24,49,105,140,76,1,44,48,68,40,25
2019_2,1001123,3887,2444,1443,7,634,1086,827,712,621,6,220,543,579,570,526,1,414,543,248,142,95
2019_2,1001122,12813,7555,5258,40,1439,4112,4560,2153,509,10,557,2206,2634,1824,324,30,882,1906,1926,329,185
2019_2,1001121,137,77,60,0,8,24,39,40,26,0,2,13,22,24,16,0,6,11,17,16,10
2019_2,1001120,3595,1700,1895,7,846,1274,841,425,202,3,223,602,478,243,151,4,623,672,363,182,51
2019_2,1001119,560,241,319,0,44,63,129,158,166,0,17,45,58,42,79,0,27,18,71,116,87
2019_2,1001118,6909,4050,2859,15,1642,2207,1802,892,351,6,682,1227,1227,626,282,9,960,980,575,266,69
2019_2,1001117,9468,3993,5475,24,3129,2515,1400,1313,1087,10,748,899,812,710,814,14,2381,1616,588,603,273
2019_2,1001116,110,48,62,0,10,16,20,31,33,0,2,8,11,16,11,0,8,8,9,15,22
2019_2,1001115,2489,1347,1142,3,608,822,557,256,243,1,184,415,372,180,195,2,424,407,185,76,48
2019_2,1001114,1123,644,479,13,234,312,238,200,126,8,86,177,158,123,92,5,148,135,80,77,34
2019_2,1001113,98,59,39,0,10,31,26,12,19,0,2,19,16,7,15,0,8,12,10,5,4
2019_2,1001112,3886,1975,1911,10,918,1219,893,513,333,1,291,646,538,286,213,9,627,573,355,227,120
2019_2,1001111,3755,2581,1174,13,553,922,879,705,683,4,243,544,630,593,567,9,310,378,249,112,116
2019_2,1001110,45953,24023,21930,86,7827,12234,12945,11440,1421,25,3581,7517,7368,4516,1016,61,4246,4717,5577,6924,405
2019_2,1001109,6134,3682,2452,9,1306,2020,1621,744,434,3,490,1264,1191,449,285,6,816,756,430,295,149
2019_2,1001108,1016,607,409,3,175,291,229,178,140,3,88,174,151,100,91,0,87,117,78,78,49
2019_2,1001107,7253,4766,2487,14,1012,2316,1962,1189,760,8,533,1437,1375,905,508,6,479,879,587,284,252
2019_2,1001106,2446,1605,841,4,253,359,304,282,1244,0,103,205,201,179,917,4,150,154,103,103,327
2019_2,1001105,590,313,277,0,79,236,150,70,55,0,24,109,96,39,45,0,55,127,54,31,10
2019_2,1001104,29439,23456,5983,40,4941,9435,8226,5754,1043,30,3154,7105,7001,5344,822,10,1787,2330,1225,410,221
2019_2,1001103,18430,10279,8151,53,4526,6985,4669,1834,363,24,1546,3849,3204,1388,268,29,2980,3136,1465,446,95
2019_2,1001102,1762,1052,710,3,334,627,387,211,200,1,145,350,246,151,159,2,189,277,141,60,41
2019_2,1001101,4273,2944,1329,11,868,1484,943,573,394,5,365,965,774,487,348,6,503,519,169,86,46
2019_2,1001100,4119,1341,2778,14,1644,1363,678,294,126,6,323,513,291,127,81,8,1321,850,387,167,45
2019_2,1001099,15779,9200,6579,23,2952,6089,3777,2022,916,6,1315,3850,2617,981,431,17,1637,2239,1160,1041,485
2019_2,1001098,15421,8733,6688,42,3742,5117,3288,1897,1335,11,1637,3248,2104,886,847,31,2105,1869,1184,1011,488
2019_2,1001097,2261,1178,1083,31,1104,389,361,312,64,6,474,210,215,230,43,25,630,179,146,82,21
2019_2,1001096,2078,1248,830,14,278,553,600,412,221,8,120,331,342,277,170,6,158,222,258,135,51
2019_2,1001095,9583,5755,3828,33,2516,2900,2242,1287,605,18,1033,1760,1603,917,424,15,1483,1140,639,370,181
2019_2,1001094,2523,1560,963,10,567,878,557,291,220,4,250,493,409,214,190,6,317,385,148,77,30
2019_2,1001093,4717,2610,2107,16,743,928,1038,857,1135,7,301,492,566,458,786,9,442,436,472,399,349
2019_2,1001092,2888,1439,1449,5,595,869,686,495,238,3,210,427,390,236,173,2,385,442,296,259,65
2019_2,1001091,11421,6149,5272,61,2911,3970,2434,1566,479,30,1003,2173,1559,1047,337,31,1908,1797,875,519,142
2019_2,1001090,1226,745,481,4,240,308,206,177,291,0,81,182,137,125,220,4,159,126,69,52,71
2019_2,1001089,1881,839,1042,0,444,630,445,242,120,0,89,270,261,135,84,0,355,360,184,107,36
2019_2,1001088,27060,17796,9264,65,3836,7233,6817,4899,4210,34,1872,4604,5250,3448,2588,31,1964,2629,1567,1451,1622
2019_2,1001087,40349,21297,19052,66,6704,11370,10426,10107,1676,33,4687,8220,5226,2152,979,33,2017,3150,5200,7955,697
2019_2,1001086,3484,2919,565,25,290,418,1097,1272,382,11,144,283,987,1169,325,14,146,135,110,103,57
2019_2,1001085,23161,13139,10022,83,3790,6920,6417,3905,2046,15,1333,3864,4100,2560,1267,68,2457,3056,2317,1345,779
2019_2,1001084,16664,6446,10218,31,4675,4561,3581,2567,1249,13,1655,2010,1452,710,606,18,3020,2551,2129,1857,643
2019_2,1001083,569,313,256,1,39,102,133,159,135,0,16,58,80,80,79,1,23,44,53,79,56
2019_2,1001082,27366,16796,10570,100,4494,8653,7679,4268,2172,14,1817,5208,5360,3085,1312,86,2677,3445,2319,1183,860
2019_2,1001081,19816,16079,3737,5,3304,6677,5606,3716,508,0,2003,5133,4956,3557,430,5,1301,1544,650,159,78
2019_2,1001080,225,145,80,1,34,48,88,39,15,0,17,26,61,29,12,1,17,22,27,10,3
2019_2,1001079,183,138,45,0,29,76,29,23,26,0,12,61,22,19,24,0,17,15,7,4,2
2019_2,1001078,9238,4452,4786,23,2464,3403,1913,989,446,5,607,1567,1259,724,290,18,1857,1836,654,265,156
2019_2,1001077,27712,18453,9259,49,4620,10119,8064,3597,1263,29,2153,6440,6267,2742,822,20,2467,3679,1797,855,441
2019_2,1001076,242,109,133,1,45,62,73,38,23,0,18,30,36,15,10,1,27,32,37,23,13
2019_2,1001075,10035,4561,5474,19,1450,2416,2847,2971,332,5,624,1512,1535,688,197,14,826,904,1312,2283,135
2019_2,1001074,7362,5460,1902,7,1008,1965,1581,1442,1359,5,779,1716,1326,869,765,2,229,249,255,573,594
2019_2,1001073,25120,16158,8962,54,4313,8549,6691,3472,2041,29,2060,5328,4802,2534,1405,25,2253,3221,1889,938,636
2019_2,1001072,405,258,147,0,52,99,123,88,43,0,30,64,83,52,29,0,22,35,40,36,14
2019_2,1001071,730,391,339,2,131,205,184,130,78,1,41,103,114,81,51,1,90,102,70,49,27
2019_2,1001070,544,234,310,1,90,148,134,112,59,0,34,71,73,35,21,1,56,77,61,77,38
2019_2,1001069,92,37,55,0,20,27,29,11,5,0,1,10,15,7,4,0,19,17,14,4,1
2019_2,1001068,5766,3271,2495,5,1375,1651,1420,944,371,2,440,995,946,619,269,3,935,656,474,325,102
2019_2,1001067,1857,1329,528,5,219,343,506,640,144,0,173,255,387,404,110,5,46,88,119,236,34
2019_2,1001066,38675,18386,20289,55,7938,11501,8818,6819,3544,25,3331,6330,5133,2496,1071,30,4607,5171,3685,4323,2473
2019_2,1001065,347,182,165,2,50,97,101,67,30,0,19,67,49,30,17,2,31,30,52,37,13
2019_2,1001064,278,163,115,0,39,62,78,58,41,0,18,42,46,28,29,0,21,20,32,30,12
2019_2,1001063,6895,4614,2281,30,1110,1712,1648,1280,1115,12,526,1106,1191,954,825,18,584,606,457,326,290
2019_2,1001062,26031,15075,10956,37,5362,8801,7329,3490,1012,21,2355,5101,4445,2417,736,16,3007,3700,2884,1073,276
2019_2,1001061,229,97,132,0,36,51,52,49,41,0,8,21,27,18,23,0,28,30,25,31,18
2019_2,1001060,61,50,11,0,3,13,17,18,10,0,2,11,12,15,10,0,1,2,5,3,0
2019_2,1001059,1262,780,482,1,153,336,304,246,222,1,47,175,202,167,188,0,106,161,102,79,34
2019_2,1001058,4438,2701,1737,4,890,1445,1079,619,401,2,361,836,765,449,288,2,529,609,314,170,113
2019_2,1001057,2851,1597,1254,3,513,851,744,481,259,0,223,442,432,312,188,3,290,409,312,169,71
2019_2,1001056,4251,2667,1584,6,565,1005,1149,936,590,1,287,637,727,531,484,5,278,368,422,405,106
2019_2,1001055,1791,903,888,7,208,513,509,372,182,5,89,260,242,161,146,2,119,253,267,211,36
2019_2,1001054,981,565,416,1,108,332,283,143,114,0,40,163,173,92,97,1,68,169,110,51,17
2019_2,1001053,99,31,68,0,19,28,19,15,18,0,4,5,6,5,11,0,15,23,13,10,7
2019_2,1001052,13297,8922,4375,23,1925,4165,3772,2334,1078,6,907,2630,2830,1674,875,17,1018,1535,942,660,203
2019_2,1001051,2357,1432,925,5,341,752,730,356,173,4,143,446,481,227,131,1,198,306,249,129,42
2019_2,1001050,17111,8100,9011,54,3599,4560,4366,3119,1413,24,1172,2305,2147,1496,956,30,2427,2255,2219,1623,457
2019_2,1001049,276,131,145,0,40,60,68,63,45,0,13,25,35,37,21,0,27,35,33,26,24
2019_2,1001048,6920,4334,2586,11,1296,2489,1862,902,360,1,587,1610,1300,563,273,10,709,879,562,339,87
2019_2,1001047,5288,4076,1212,13,893,1742,1303,990,347,10,568,1369,1078,778,273,3,325,373,225,212,74
2019_2,1001046,418,169,249,0,40,81,107,99,91,0,7,39,50,30,43,0,33,42,57,69,48
2019_2,1001045,438,188,250,3,41,77,126,113,78,0,12,25,55,47,49,3,29,52,71,66,29
2019_2,1001044,8867,5289,3578,18,1489,2423,2010,1582,1345,6,670,1505,1395,897,816,12,819,918,615,685,529
2019_2,1001043,1952,949,1003,7,197,404,449,457,438,6,86,215,270,168,204,1,111,189,179,289,234
2019_2,1001042,3086,1255,1831,6,1073,740,609,435,223,1,295,316,316,181,146,5,778,424,293,254,77
2019_2,1001041,14566,8218,6348,20,2015,3961,4060,2626,1884,10,957,2352,2327,1465,1107,10,1058,1609,1733,1161,777
2019_2,1001040,93,33,60,0,24,13,16,20,20,0,6,5,9,5,8,0,18,8,7,15,12
2019_2,1001039,3694,2446,1248,15,468,830,953,794,634,6,232,544,651,568,445,9,236,286,302,226,189
2019_2,1001038,46412,29926,16486,153,9621,16338,11886,5476,2938,98,4642,10694,8392,3779,2321,55,4979,5644,3494,1697,617
2019_2,1001037,1019,522,497,3,152,298,273,169,124,2,49,141,141,94,95,1,103,157,132,75,29
2019_2,1001036,88,50,38,0,12,11,26,25,14,0,4,8,13,15,10,0,8,3,13,10,4
2019_2,1001035,7223,4863,2360,32,1568,2568,1852,892,311,23,689,1798,1513,670,170,9,879,770,339,222,141
2019_2,1001034,1802,1019,783,12,356,525,408,257,244,2,125,293,280,163,156,10,231,232,128,94,88
2019_2,1001033,2467,1466,1001,2,433,846,640,346,200,0,177,511,399,216,163,2,256,335,241,130,37
2019_2,1001032,170,57,113,0,36,42,37,35,20,0,8,6,13,18,12,0,28,36,24,17,8
2019_2,1001031,1369,485,884,6,419,333,212,216,183,2,133,123,95,56,76,4,286,210,117,160,107
2019_2,1001030,4149,2003,2146,19,1353,1321,800,486,170,3,318,776,559,242,105,16,1035,545,241,244,65
2019_2,1001029,522,321,201,21,67,163,128,90,53,13,30,101,82,62,33,8,37,62,46,28,20
2019_2,1001028,79,38,41,0,9,12,27,10,21,0,1,1,11,8,17,0,8,11,16,2,4
2019_2,1001027,25379,15619,9760,111,5309,8346,6431,3480,1702,73,2474,5222,4302,2193,1355,38,2835,3124,2129,1287,347
2019_2,1001026,101,74,27,0,6,20,37,22,16,0,3,14,31,14,12,0,3,6,6,8,4
2019_2,1001025,1561,862,699,18,289,371,379,269,235,9,117,201,212,161,162,9,172,170,167,108,73
2019_2,1001024,5377,2218,3159,2,792,1507,1765,963,348,1,194,515,631,605,272,1,598,992,1134,358,76
2019_2,1001023,35995,22069,13926,739,9967,9832,7633,4400,3424,342,5104,6326,5349,2633,2315,397,4863,3506,2284,1767,1109
2019_2,1001022,1216,576,640,1,285,322,316,199,93,1,84,143,168,111,69,0,201,179,148,88,24
2019_2,1001021,17408,11968,5440,48,3074,5737,4516,2686,1347,28,1677,3935,3438,1885,1005,20,1397,1802,1078,801,342
2019_2,1001020,4710,3160,1550,16,689,1090,1101,990,824,10,377,703,761,667,642,6,312,387,340,323,182
2019_2,1001019,119,69,50,0,17,30,36,24,12,0,7,19,23,13,7,0,10,11,13,11,5
2019_2,1001018,11006,6153,4853,20,1411,3106,3058,2339,1072,7,738,1971,1734,994,709,13,673,1135,1324,1345,363
2019_2,1001017,1530,1124,406,5,320,452,421,263,69,3,195,344,332,199,51,2,125,108,89,64,18
2019_2,1001016,348,230,118,1,35,89,93,69,61,0,14,67,67,45,37,1,21,22,26,24,24
2019_2,1001015,991,624,367,3,146,260,292,197,93,3,85,148,205,123,60,0,61,112,87,74,33
2019_2,1001014,1559,866,693,10,278,432,329,406,104,4,108,229,208,259,58,6,170,203,121,147,46
2019_2,1001013,1137,848,289,8,188,333,309,197,102,6,125,239,239,156,83,2,63,94,70,41,19
2019_2,1001012,1955,1643,312,4,495,674,397,310,75,0,343,600,362,276,62,4,152,74,35,34,13
2019_2,1001011,590,216,374,0,57,87,122,166,158,0,16,41,51,49,59,0,41,46,71,117,99
2019_2,1001010,231,73,158,0,33,65,56,33,44,0,8,24,14,8,19,0,25,41,42,25,25
2019_2,1001009,543,378,165,0,86,124,116,121,96,0,56,90,81,80,71,0,30,34,35,41,25
2019_2,1001008,149,95,54,1,26,25,35,26,36,1,14,13,27,18,22,0,12,12,8,8,14
2019_2,1001007,462,305,157,0,41,79,117,143,82,0,24,48,82,96,55,0,17,31,35,47,27
2019_2,1001006,504,261,243,0,38,80,140,161,85,0,27,56,69,51,58,0,11,24,71,110,27
2019_2,1001005,348,195,153,1,45,82,72,75,73,1,9,45,36,47,57,0,36,37,36,28,16
2019_2,1001004,328,202,126,0,25,63,76,69,95,0,18,46,53,29,56,0,7,17,23,40,39
2019_2,1001003,244,142,102,1,34,70,61,48,30,1,17,38,33,31,22,0,17,32,28,17,8
2019_2,1001002,824,549,275,0,54,158,194,212,206,0,23,108,119,151,148,0,31,50,75,61,58
2019_2,1001001,597,389,208,0,42,90,154,170,141,0,14,49,82,124,120,0,28,41,72,46,21
2019_2,1001000,186,89,97,2,32,32,51,30,39,0,12,16,18,16,27,2,20,16,33,14,12
2019_2,1000999,290,173,117,0,40,64,76,70,40,0,18,39,47,39,30,0,22,25,29,31,10
2019_2,1000998,213,155,58,0,28,40,39,61,45,0,18,27,21,51,38,0,10,13,18,10,7
2019_2,1000997,135,39,96,0,32,32,33,29,9,0,6,5,12,10,6,0,26,27,21,19,3
2019_2,1000996,99,44,55,0,17,20,21,25,16,0,6,6,8,12,12,0,11,14,13,13,4
2019_2,1000995,211,119,92,0,45,37,41,59,29,0,21,20,19,40,19,0,24,17,22,19,10
2019_2,1000994,194,103,91,1,12,46,55,45,35,0,4,17,31,27,24,1,8,29,24,18,11
2019_2,1000993,2051,1337,714,29,202,431,421,339,629,11,96,291,293,229,417,18,106,140,128,110,212
2019_2,1000992,229,149,80,1,40,60,59,41,28,0,24,43,39,25,18,1,16,17,20,16,10
2019_2,1000991,605,330,275,2,52,110,124,186,131,2,25,73,77,91,62,0,27,37,47,95,69
2019_2,1000990,354,228,126,2,50,78,97,76,51,2,35,52,58,43,38,0,15,26,39,33,13
2019_2,1000989,318,168,150,0,25,68,74,94,57,0,12,45,41,43,27,0,13,23,33,51,30
2019_2,1000988,479,271,208,0,53,84,135,123,84,0,23,52,83,61,52,0,30,32,52,62,32
2019_2,1000987,71,37,34,0,5,13,18,9,26,0,1,5,11,5,15,0,4,8,7,4,11
2019_2,1000986,672,297,375,1,99,132,164,128,148,1,27,61,71,55,82,0,72,71,93,73,66
2019_2,1000985,251,153,98,0,55,70,57,41,28,0,20,49,33,28,23,0,35,21,24,13,5
2019_2,1000984,2085,1262,823,9,309,396,512,425,434,1,131,212,295,290,333,8,178,184,217,135,101
2019_2,1000983,1138,709,429,2,199,257,238,253,189,1,94,136,142,163,173,1,105,121,96,90,16
2019_2,1000982,176,123,53,0,10,27,44,63,32,0,5,15,30,45,28,0,5,12,14,18,4
2019_2,1000981,317,129,188,0,47,51,76,65,78,0,12,18,36,28,35,0,35,33,40,37,43
2019_2,1000980,384,174,210,0,62,75,78,89,80,0,18,52,45,36,23,0,44,23,33,53,57
2019_2,1000979,256,160,96,0,16,54,82,62,42,0,9,38,50,30,33,0,7,16,32,32,9
2019_2,1000978,447,281,166,0,69,113,124,82,59,0,40,66,75,52,48,0,29,47,49,30,11
2019_2,1000977,261,159,102,0,15,43,61,82,60,0,9,24,40,39,47,0,6,19,21,43,13
2019_2,1000976,301,213,88,0,44,73,57,77,50,0,28,57,36,59,33,0,16,16,21,18,17
2019_2,1000975,125,81,44,0,15,35,28,28,19,0,9,21,18,19,14,0,6,14,10,9,5
2019_2,1000974,316,209,107,1,23,46,82,111,53,1,14,23,56,72,43,0,9,23,26,39,10
2019_2,1000973,280,93,187,0,24,50,58,94,54,0,7,23,19,24,20,0,17,27,39,70,34
2019_2,1000972,400,206,194,1,42,110,108,96,43,1,13,51,62,56,23,0,29,59,46,40,20
2019_2,1000971,45,22,23,0,5,9,12,13,6,0,1,6,5,5,5,0,4,3,7,8,1
2019_2,1000970,96,57,39,0,5,22,26,24,19,0,4,12,16,12,13,0,1,10,10,12,6
2019_2,1000969,286,199,87,0,53,96,63,48,26,0,29,75,47,28,20,0,24,21,16,20,6
2019_2,1000968,819,385,434,0,57,83,60,84,535,0,18,46,31,35,255,0,39,37,29,49,280
2019_2,1000967,1182,759,423,5,194,327,289,212,155,5,97,220,193,137,107,0,97,107,96,75,48
2019_2,1000966,77,38,39,0,12,14,19,24,8,0,3,6,12,11,6,0,9,8,7,13,2
2019_2,1000965,780,409,371,3,83,131,168,234,161,2,42,74,95,102,94,1,41,57,73,132,67
2019_2,1000964,1470,1046,424,7,214,439,427,252,131,5,130,314,314,172,111,2,84,125,113,80,20
2019_2,1000963,1152,720,432,1,120,274,265,302,190,1,45,198,183,162,131,0,75,76,82,140,59
2019_2,1000962,225,118,107,0,19,40,54,51,61,0,3,19,22,29,45,0,16,21,32,22,16
2019_2,1000961,2400,1739,661,2,137,385,522,464,890,1,51,227,365,339,756,1,86,158,157,125,134
2019_2,1000960,1422,813,609,1,218,430,355,268,150,1,93,254,207,170,88,0,125,176,148,98,62
2019_2,1000959,6233,3834,2399,2,155,436,516,674,4450,0,53,285,365,309,2822,2,102,151,151,365,1628
2019_2,1000958,1969,1432,537,13,305,526,526,374,225,3,188,397,393,278,173,10,117,129,133,96,52
2019_2,1000957,1596,1066,530,3,207,400,403,363,220,1,125,286,275,193,186,2,82,114,128,170,34
2019_2,1000956,1336,801,535,2,123,228,290,235,458,0,61,143,178,139,280,2,62,85,112,96,178
2019_2,1000955,1776,1262,514,1,214,419,404,342,396,0,120,300,290,231,321,1,94,119,114,111,75
2019_2,1000954,1272,791,481,5,223,316,329,205,194,0,89,203,232,125,142,5,134,113,97,80,52
2019_2,1000953,1354,867,487,1,182,384,388,254,145,1,102,254,260,152,98,0,80,130,128,102,47
2019_2,1000952,677,475,202,0,43,85,145,217,187,0,24,56,103,156,136,0,19,29,42,61,51
2019_2,1000951,1150,713,437,2,169,279,328,242,130,0,90,181,200,152,90,2,79,98,128,90,40
2019_2,1000950,631,320,311,0,63,135,168,181,84,0,28,73,78,90,51,0,35,62,90,91,33
2019_2,1000949,1288,837,451,1,209,499,243,170,166,0,99,333,168,97,140,1,110,166,75,73,26
2019_2,1000948,1857,1347,510,8,262,340,374,410,463,7,171,268,267,282,352,1,91,72,107,128,111
2019_2,1000947,1138,741,397,0,169,314,257,244,154,0,76,204,177,171,113,0,93,110,80,73,41
2019_2,1000946,710,423,287,2,62,143,195,189,119,2,33,87,113,113,75,0,29,56,82,76,44
2019_2,1000945,1747,1347,400,1,75,238,304,258,871,0,33,142,189,157,826,1,42,96,115,101,45
2019_2,1000944,928,601,327,0,114,184,220,239,171,0,50,136,138,146,131,0,64,48,82,93,40
2019_2,1000943,461,293,168,0,56,152,128,75,50,0,24,94,81,54,40,0,32,58,47,21,10
2019_2,1000942,379,213,166,0,25,61,74,128,91,0,14,33,35,63,68,0,11,28,39,65,23
2019_2,1000941,2640,1844,796,33,457,588,648,595,319,20,294,427,455,401,247,13,163,161,193,194,72
2019_2,1000940,514,245,269,0,94,134,154,102,30,0,37,65,72,52,19,0,57,69,82,50,11
2019_2,1000939,2314,1362,952,6,463,871,523,319,132,3,198,564,320,187,90,3,265,307,203,132,42
2019_2,1000938,1599,1065,534,4,192,246,392,404,361,4,123,173,274,255,236,0,69,73,118,149,125
2019_2,1000937,2664,1762,902,2,320,499,707,892,244,1,191,326,481,561,202,1,129,173,226,331,42
2019_2,1000936,1947,920,1027,4,524,694,441,186,98,1,129,319,260,136,75,3,395,375,181,50,23
2019_2,1000935,1832,919,913,9,481,641,389,183,129,3,170,321,224,111,90,6,311,320,165,72,39
2019_2,1000934,526,295,231,0,52,61,107,111,195,0,32,34,69,55,105,0,20,27,38,56,90
2019_2,1000933,396,212,184,1,68,78,90,85,74,0,30,54,55,44,29,1,38,24,35,41,45
2019_2,1000932,1259,735,524,1,198,338,312,215,195,0,81,199,208,115,132,1,117,139,104,100,63
2019_2,1000931,14335,11746,2589,9,2570,4658,2994,2035,2069,4,2090,3913,2481,1593,1665,5,480,745,513,442,404
2019_2,1000930,5855,3838,2017,17,1033,1752,1547,971,535,8,529,1100,1119,692,390,9,504,652,428,279,145
2019_2,1000929,1819,1266,553,8,322,610,478,316,85,1,132,441,359,265,68,7,190,169,119,51,17
2019_2,1000928,561,420,141,9,84,182,132,112,42,6,52,149,112,74,27,3,32,33,20,38,15
2019_2,1000927,971,480,491,1,184,308,235,148,95,0,53,131,140,92,64,1,131,177,95,56,31
2019_2,1000926,781,452,329,0,156,255,188,93,89,0,58,139,126,56,73,0,98,116,62,37,16
2019_2,1000925,1291,618,673,2,175,241,259,296,318,0,78,117,121,132,170,2,97,124,138,164,148
2019_2,1000924,2164,1181,983,10,584,697,414,285,174,4,262,267,291,237,120,6,322,430,123,48,54
2019_2,1000923,2145,1449,696,7,378,612,535,368,245,3,175,393,412,269,197,4,203,219,123,99,48
2019_2,1000922,1962,1057,905,1,278,369,449,410,455,0,117,216,247,201,276,1,161,153,202,209,179
2019_2,1000921,3234,1576,1658,14,453,454,489,681,1143,13,248,271,246,243,555,1,205,183,243,438,588
2019_2,1000920,1124,575,549,5,125,353,273,254,114,1,36,142,144,165,87,4,89,211,129,89,27
2019_2,1000919,2446,1558,888,5,334,648,724,547,188,2,143,397,467,404,145,3,191,251,257,143,43
2019_2,1000918,204,93,111,1,53,65,38,24,23,0,13,32,22,14,12,1,40,33,16,10,11
2019_2,1000917,837,420,417,2,145,211,235,165,79,2,46,92,129,94,57,0,99,119,106,71,22
2019_2,1000916,1383,854,529,1,244,496,366,181,95,0,112,302,254,122,64,1,132,194,112,59,31
2019_2,1000915,477,278,199,6,90,133,133,78,37,6,31,76,89,54,22,0,59,57,44,24,15
2019_2,1000914,4389,2637,1752,9,704,1395,1292,646,343,4,300,849,781,421,282,5,404,546,511,225,61
2019_2,1000913,2316,1703,613,5,379,627,518,452,335,4,192,413,392,393,309,1,187,214,126,59,26
2019_2,1000912,3073,2193,880,8,670,1327,683,256,129,3,346,1010,553,182,99,5,324,317,130,74,30
2019_2,1000911,1366,712,654,9,328,426,282,205,116,4,162,248,162,75,61,5,166,178,120,130,55
2019_2,1000910,12220,10167,2053,11,1112,1980,4139,4644,334,5,601,1418,3381,4484,278,6,511,562,758,160,56
2019_2,1000909,2456,1656,800,14,506,748,614,403,171,10,272,467,449,320,138,4,234,281,165,83,33
2019_2,1000908,1114,662,452,3,178,217,233,189,294,2,64,114,148,135,199,1,114,103,85,54,95
2019_2,1000907,2619,1317,1302,5,733,910,540,325,106,2,228,490,324,198,75,3,505,420,216,127,31
2019_2,1000906,606,253,353,1,126,188,174,87,30,0,44,78,75,37,19,1,82,110,99,50,11
2019_2,1000905,292,167,125,0,83,115,55,24,15,0,38,74,29,14,12,0,45,41,26,10,3
2019_2,1000904,7533,4630,2903,81,2223,2075,1634,1112,408,27,1121,1387,1178,638,279,54,1102,688,456,474,129
2019_2,1000903,886,597,289,0,77,148,170,211,280,0,41,99,105,149,203,0,36,49,65,62,77
2019_2,1000902,2108,1433,675,5,317,562,545,406,273,2,176,380,396,284,195,3,141,182,149,122,78
2019_2,1000901,3338,2289,1049,9,718,999,744,450,418,3,333,605,572,391,385,6,385,394,172,59,33
2019_2,1000900,16339,4308,12031,84,2631,2881,5809,4037,897,44,1210,1281,893,489,391,40,1421,1600,4916,3548,506
2019_2,1000899,368,126,242,0,78,131,82,56,21,0,21,51,20,22,12,0,57,80,62,34,9
2019_2,1000898,3993,2346,1647,18,1041,1337,956,435,206,0,443,805,639,317,142,18,598,532,317,118,64
2019_2,1000897,203,122,81,1,41,55,64,24,18,0,10,40,47,17,8,1,31,15,17,7,10
2019_2,1000896,2392,1454,938,15,719,752,556,246,104,6,328,450,414,176,80,9,391,302,142,70,24
2019_2,1000895,581,343,238,1,105,167,134,128,46,1,41,111,86,72,32,0,64,56,48,56,14
2019_2,1000894,1458,1011,447,0,173,443,441,218,183,0,82,318,338,145,128,0,91,125,103,73,55
2019_2,1000893,714,454,260,0,94,165,175,163,117,0,48,91,115,116,84,0,46,74,60,47,33
2019_2,1000892,94,54,40,0,7,26,19,29,13,0,2,12,14,17,9,0,5,14,5,12,4
2019_2,1000891,584,439,145,6,65,122,112,121,158,1,26,88,85,97,142,5,39,34,27,24,16
2019_2,1000890,768,474,294,2,135,207,202,137,85,1,74,112,125,94,68,1,61,95,77,43,17
2019_2,1000889,1190,828,362,4,200,399,336,149,102,2,105,278,258,98,87,2,95,121,78,51,15
2019_2,1000888,1129,561,568,0,166,262,300,243,158,0,55,121,159,129,97,0,111,141,141,114,61
2019_2,1000887,5386,3882,1504,14,1190,2066,1244,655,217,8,690,1494,990,529,171,6,500,572,254,126,46
2019_2,1000886,216,97,119,0,29,50,66,34,37,0,7,20,40,14,16,0,22,30,26,20,21
2019_2,1000885,3692,2516,1176,15,706,1193,948,564,266,2,386,853,705,357,213,13,320,340,243,207,53
2019_2,1000884,7175,2607,4568,6,1138,1769,2503,1357,402,1,294,600,959,592,161,5,844,1169,1544,765,241
2019_2,1000883,6106,5022,1084,14,1026,1610,1909,1339,208,8,672,1236,1732,1220,154,6,354,374,177,119,54
2019_2,1000882,1303,793,510,0,252,552,202,155,142,0,121,343,136,93,100,0,131,209,66,62,42
2019_2,1000881,2618,2108,510,25,804,1051,530,132,76,24,605,890,439,96,54,1,199,161,91,36,22
2019_2,1000880,1743,1155,588,10,194,424,459,413,243,9,120,298,316,262,150,1,74,126,143,151,93
2019_2,1000879,1530,834,696,2,158,331,450,380,209,0,54,174,213,247,146,2,104,157,237,133,63
2019_2,1000878,170,105,65,1,13,31,57,38,30,1,7,21,34,22,20,0,6,10,23,16,10
2019_2,1000877,650,412,238,1,102,177,152,122,96,1,47,104,107,84,69,0,55,73,45,38,27
2019_2,1000876,1248,811,437,3,180,286,342,259,178,1,90,180,218,187,135,2,90,106,124,72,43
2019_2,1000875,1139,590,549,2,155,291,282,211,198,2,58,144,170,104,112,0,97,147,112,107,86
2019_2,1000874,3044,719,2325,3,748,774,803,500,216,1,190,176,128,107,117,2,558,598,675,393,99
2019_2,1000873,1706,1213,493,0,230,650,425,272,129,0,108,468,333,210,94,0,122,182,92,62,35
2019_2,1000872,890,520,370,3,170,235,258,134,90,1,85,139,150,64,81,2,85,96,108,70,9
2019_2,1000871,2755,2175,580,7,349,627,613,715,444,6,240,449,509,585,386,1,109,178,104,130,58
2019_2,1000870,2349,1375,974,7,480,701,505,333,323,3,219,406,316,205,226,4,261,295,189,128,97
2019_2,1000869,519,325,194,3,61,98,125,121,111,2,25,58,84,78,78,1,36,40,41,43,33
2019_2,1000868,84,47,37,0,11,23,22,23,5,0,3,11,13,15,5,0,8,12,9,8,0
2019_2,1000867,615,402,213,0,70,173,176,121,75,0,37,115,118,82,50,0,33,58,58,39,25
2019_2,1000866,1825,1099,726,5,309,534,432,291,254,3,123,314,288,195,176,2,186,220,144,96,78
2019_2,1000865,2107,1279,828,11,490,788,408,233,177,8,212,493,300,138,128,3,278,295,108,95,49
2019_2,1000864,853,701,152,3,80,111,323,280,56,2,43,71,299,245,41,1,37,40,24,35,15
2019_2,1000863,1386,874,512,1,202,291,345,279,268,0,65,160,231,199,219,1,137,131,114,80,49
2019_2,1000862,917,589,328,1,167,352,244,99,54,0,59,213,197,78,42,1,108,139,47,21,12
2019_2,1000861,532,297,235,4,82,115,141,109,81,4,50,78,73,53,39,0,32,37,68,56,42
2019_2,1000860,2853,1707,1146,5,563,889,651,387,358,0,200,506,452,252,297,5,363,383,199,135,61
2019_2,1000859,3386,2494,892,6,551,987,855,582,405,5,331,742,657,427,332,1,220,245,198,155,73
2019_2,1000858,1082,468,614,1,236,328,210,170,137,0,52,118,109,99,90,1,184,210,101,71,47
2019_2,1000857,1318,656,662,1,108,182,385,362,280,1,49,101,170,145,190,0,59,81,215,217,90
2019_2,1000856,1650,1164,486,8,319,497,386,264,176,4,209,384,285,166,116,4,110,113,101,98,60
2019_2,1000855,1217,833,384,1,170,314,410,242,80,0,82,206,301,185,59,1,88,108,109,57,21
2019_2,1000854,1470,667,803,2,175,401,356,375,161,1,69,210,182,126,79,1,106,191,174,249,82
2019_2,1000853,873,489,384,1,170,270,198,151,83,0,70,143,107,105,64,1,100,127,91,46,19
2019_2,1000852,2976,2165,811,12,535,816,749,517,347,8,278,591,585,412,291,4,257,225,164,105,56
2019_2,1000851,1592,1121,471,12,253,504,376,284,163,11,156,364,275,202,113,1,97,140,101,82,50
2019_2,1000850,2908,1282,1626,5,375,606,651,756,515,2,195,382,365,202,136,3,180,224,286,554,379
2019_2,1000849,1658,956,702,5,323,457,397,293,183,3,168,290,236,117,142,2,155,167,161,176,41
2019_2,1000848,2256,1460,796,4,332,680,521,408,311,0,158,439,381,267,215,4,174,241,140,141,96
2019_2,1000847,5772,3607,2165,13,604,1532,1623,1092,908,6,246,928,1193,691,543,7,358,604,430,401,365
2019_2,1000846,2001,1329,672,4,246,486,501,418,346,2,125,331,349,286,236,2,121,155,152,132,110
2019_2,1000845,2194,1522,672,2,447,692,539,294,220,1,245,507,396,191,182,1,202,185,143,103,38
2019_2,1000844,2345,1776,569,4,355,705,620,430,231,3,192,526,493,363,199,1,163,179,127,67,32
2019_2,1000843,15,4,11,0,0,2,4,3,6,0,0,0,0,0,4,0,0,2,4,3,2
2019_2,1000842,39,15,24,1,7,12,9,5,5,0,0,5,3,3,4,1,7,7,6,2,1
2019_2,1000841,10,2,8,0,0,0,0,6,4,0,0,0,0,2,0,0,0,0,0,4,4
2019_2,1000840,7,2,5,0,1,0,1,3,2,0,1,0,0,0,1,0,0,0,1,3,1
2019_2,1000839,1199,1059,140,0,219,350,377,198,55,0,180,311,346,178,44,0,39,39,31,20,11
2019_2,1000838,207,89,118,0,39,57,60,30,21,0,8,18,32,18,13,0,31,39,28,12,8
2019_2,1000837,575,450,125,2,47,166,131,124,105,0,29,121,99,105,96,2,18,45,32,19,9
2019_2,1000836,228,132,96,1,20,50,72,54,31,0,8,23,38,36,27,1,12,27,34,18,4
2019_2,1000835,152,49,103,0,35,31,37,30,19,0,8,4,15,11,11,0,27,27,22,19,8
2019_2,1000834,318,205,113,2,22,55,105,87,47,2,5,30,64,63,41,0,17,25,41,24,6
2019_2,1000833,251,75,176,0,26,62,71,53,39,0,4,17,16,14,24,0,22,45,55,39,15
2019_2,1000832,85,24,61,0,9,13,30,21,12,0,2,3,9,4,6,0,7,10,21,17,6
2019_2,1000831,960,714,246,0,105,274,211,264,106,0,61,199,167,210,77,0,44,75,44,54,29
2019_2,1000830,229,118,111,2,35,49,60,56,27,0,9,24,34,30,21,2,26,25,26,26,6
2019_2,1000829,386,210,176,0,35,89,82,97,83,0,12,43,49,52,54,0,23,46,33,45,29
2019_2,1000828,210,130,80,0,18,41,49,57,45,0,6,23,28,41,32,0,12,18,21,16,13
2019_2,1000827,355,197,158,0,43,108,104,70,30,0,18,66,51,39,23,0,25,42,53,31,7
2019_2,1000826,108,63,45,0,19,27,30,17,15,0,9,19,14,7,14,0,10,8,16,10,1
2019_2,1000825,62,33,29,0,4,3,21,22,12,0,1,2,11,12,7,0,3,1,10,10,5
2019_2,1000824,178,109,69,0,27,38,47,31,35,0,9,23,31,22,24,0,18,15,16,9,11
2019_2,1000823,191,109,82,0,17,39,55,47,33,0,8,21,32,30,18,0,9,18,23,17,15
2019_2,1000822,115,85,30,0,13,20,30,31,21,0,11,12,24,24,14,0,2,8,6,7,7
2019_2,1000821,221,170,51,0,2,3,32,22,162,0,1,1,18,15,135,0,1,2,14,7,27
2019_2,1000820,183,90,93,2,40,54,39,21,27,0,16,33,16,6,19,2,24,21,23,15,8
2019_2,1000819,82,51,31,0,10,18,22,24,8,0,7,9,13,17,5,0,3,9,9,7,3
2019_2,1000818,131,78,53,0,7,15,34,38,37,0,1,10,17,24,26,0,6,5,17,14,11
2019_2,1000817,454,285,169,0,78,97,156,80,43,0,46,66,97,49,27,0,32,31,59,31,16
2019_2,1000816,238,154,84,0,26,57,56,54,45,0,10,34,39,35,36,0,16,23,17,19,9
2019_2,1000815,695,410,285,1,103,135,153,156,147,1,38,66,85,102,118,0,65,69,68,54,29
2019_2,1000814,520,404,116,0,49,102,161,125,83,0,28,79,123,110,64,0,21,23,38,15,19
2019_2,1000813,124,65,59,1,21,32,28,19,23,1,9,17,13,12,13,0,12,15,15,7,10
2019_2,1000812,188,119,69,0,29,48,51,32,28,0,10,25,36,26,22,0,19,23,15,6,6
2019_2,1000811,358,106,252,0,25,63,68,141,61,0,6,25,17,40,18,0,19,38,51,101,43
2019_2,1000810,599,378,221,0,34,73,108,178,206,0,9,25,61,121,162,0,25,48,47,57,44
2019_2,1000809,34,10,24,0,3,6,12,10,3,0,0,1,2,5,2,0,3,5,10,5,1
2019_2,1000808,172,110,62,0,20,43,40,44,25,0,7,29,24,30,20,0,13,14,16,14,5
2019_2,1000807,376,204,172,4,36,34,64,98,140,3,18,23,40,50,70,1,18,11,24,48,70
2019_2,1000806,55,31,24,0,6,14,16,13,6,0,2,10,6,9,4,0,4,4,10,4,2
2019_2,1000805,70,23,47,0,5,16,25,11,13,0,0,5,8,5,5,0,5,11,17,6,8
2019_2,1000804,207,96,111,0,21,36,57,60,33,0,5,12,25,34,20,0,16,24,32,26,13
2019_2,1000803,143,43,100,0,15,21,36,34,37,0,6,8,19,5,5,0,9,13,17,29,32
2019_2,1000802,466,315,151,0,35,44,117,117,153,0,12,26,81,88,108,0,23,18,36,29,45
2019_2,1000801,931,661,270,0,165,301,224,149,92,0,89,223,165,110,74,0,76,78,59,39,18
2019_2,1000800,484,255,229,1,73,151,120,94,45,0,29,84,65,54,23,1,44,67,55,40,22
2019_2,1000799,183,118,65,0,37,46,46,30,24,0,20,33,30,16,19,0,17,13,16,14,5
2019_2,1000798,746,465,281,0,92,203,159,208,84,0,55,144,102,111,53,0,37,59,57,97,31
2019_2,1000797,439,287,152,3,55,105,116,102,58,2,26,73,83,65,38,1,29,32,33,37,20
2019_2,1000796,371,154,217,0,49,89,59,110,64,0,13,42,20,46,33,0,36,47,39,64,31
2019_2,1000795,450,251,199,1,57,69,136,128,59,1,35,45,77,59,34,0,22,24,59,69,25
2019_2,1000794,694,279,415,0,303,231,75,62,23,0,77,115,41,33,13,0,226,116,34,29,10
2019_2,1000793,181,95,86,0,33,40,26,44,38,0,19,24,14,16,22,0,14,16,12,28,16
2019_2,1000792,2071,1671,400,0,281,651,743,343,53,0,124,506,670,326,45,0,157,145,73,17,8
2019_2,1000791,61,26,35,0,9,14,20,9,9,0,0,6,8,5,7,0,9,8,12,4,2
2019_2,1000790,108,77,31,0,12,19,23,44,10,0,8,14,16,30,9,0,4,5,7,14,1
2019_2,1000789,89,42,47,0,11,20,18,31,9,0,5,10,7,14,6,0,6,10,11,17,3
2019_2,1000788,493,282,211,1,95,130,126,100,41,1,51,81,74,50,25,0,44,49,52,50,16
2019_2,1000787,3757,1162,2595,4,755,1087,787,883,241,0,132,355,292,290,93,4,623,732,495,593,148
2019_2,1000786,152,36,116,0,15,30,53,43,11,0,4,10,4,12,6,0,11,20,49,31,5
2019_2,1000785,240,155,85,0,40,42,81,46,31,0,19,32,49,31,24,0,21,10,32,15,7
2019_2,1000784,224,150,74,1,24,36,48,66,49,1,13,23,30,47,36,0,11,13,18,19,13
2019_2,1000783,94,13,81,0,22,21,15,26,10,0,2,2,2,4,3,0,20,19,13,22,7
2019_2,1000782,127,37,90,0,21,22,29,31,24,0,2,8,9,7,11,0,19,14,20,24,13
2019_2,1000781,155,81,74,0,14,30,45,40,26,0,8,13,20,23,17,0,6,17,25,17,9
2019_2,1000780,696,443,253,2,104,149,175,158,108,1,59,84,106,109,84,1,45,65,69,49,24
2019_2,1000779,85,49,36,0,13,11,22,22,17,0,4,7,14,13,11,0,9,4,8,9,6
2019_2,1000778,74,30,44,0,8,16,23,13,14,0,0,6,11,5,8,0,8,10,12,8,6
2019_2,1000777,252,141,111,0,12,54,67,74,45,0,11,34,37,37,22,0,1,20,30,37,23
2019_2,1000776,130,62,68,0,8,23,35,29,35,0,3,10,15,15,19,0,5,13,20,14,16
2019_2,1000775,109,72,37,0,14,30,31,20,14,0,4,18,25,17,8,0,10,12,6,3,6
2019_2,1000774,1202,739,463,3,167,319,330,198,185,2,106,216,200,108,107,1,61,103,130,90,78
2019_2,1000773,15790,10229,5561,28,3189,3190,2360,3538,3485,14,2551,2680,1568,1675,1741,14,638,510,792,1863,1744
2019_2,1000772,183,139,44,0,18,41,48,43,33,0,14,31,39,30,25,0,4,10,9,13,8
2019_2,1000771,170,95,75,0,15,22,24,30,79,0,11,11,13,16,44,0,4,11,11,14,35
2019_2,1000770,194,113,81,0,25,29,47,56,37,0,10,12,26,38,27,0,15,17,21,18,10
2019_2,1000769,92,54,38,1,16,17,21,23,14,0,6,10,12,14,12,1,10,7,9,9,2
2019_2,1000768,180,88,92,0,23,41,55,35,26,0,6,17,28,19,18,0,17,24,27,16,8
2019_2,1000767,266,130,136,0,81,89,50,36,10,0,39,53,23,12,3,0,42,36,27,24,7
2019_2,1000766,79,45,34,0,2,15,17,27,18,0,0,6,10,14,15,0,2,9,7,13,3
2019_2,1000765,107,45,62,0,15,22,25,26,19,0,5,9,13,11,7,0,10,13,12,15,12
2019_2,1000764,56,20,36,0,9,10,20,11,6,0,1,5,5,5,4,0,8,5,15,6,2
2019_2,1000763,21,9,12,0,2,4,6,7,2,0,1,1,3,3,1,0,1,3,3,4,1
2019_2,1000762,68,40,28,1,6,18,18,11,14,1,3,11,7,7,11,0,3,7,11,4,3
2019_2,1000761,425,265,160,1,43,98,106,111,66,0,22,57,81,62,43,1,21,41,25,49,23
2019_2,1000760,214,88,126,0,14,62,59,55,24,0,5,22,26,15,20,0,9,40,33,40,4
2019_2,1000759,450,200,250,0,39,80,122,138,71,0,14,39,53,56,38,0,25,41,69,82,33
2019_2,1000758,59,26,33,0,2,13,19,16,9,0,2,4,9,6,5,0,0,9,10,10,4
2019_2,1000757,368,150,218,0,16,34,64,91,163,0,10,24,31,32,53,0,6,10,33,59,110
2019_2,1000756,127,62,65,0,18,27,36,31,15,0,2,9,22,18,11,0,16,18,14,13,4
2019_2,1000755,329,184,145,0,62,77,75,69,46,0,22,36,41,43,42,0,40,41,34,26,4
2019_2,1000754,728,535,193,0,81,179,140,148,180,0,52,133,104,107,139,0,29,46,36,41,41
2019_2,1000753,134,76,58,0,19,39,29,24,23,0,6,25,16,11,18,0,13,14,13,13,5
2019_2,1000752,342,243,99,1,20,34,77,88,122,0,5,23,53,64,98,1,15,11,24,24,24
2019_2,1000751,32,20,12,0,3,6,9,11,3,0,2,4,6,5,3,0,1,2,3,6,0
2019_2,1000750,7,6,1,0,0,1,2,3,1,0,0,1,1,3,1,0,0,0,1,0,0
2019_2,1000749,112,61,51,0,11,30,39,21,11,0,4,19,18,15,5,0,7,11,21,6,6
2019_2,1000748,77,38,39,0,10,19,20,16,12,0,5,11,7,6,9,0,5,8,13,10,3
2019_2,1000747,231,142,89,1,33,73,55,34,35,0,15,41,36,22,28,1,18,32,19,12,7
2019_2,1000746,664,316,348,2,66,96,157,169,174,0,30,47,80,63,96,2,36,49,77,106,78
2019_2,1000745,50,23,27,0,9,13,11,10,7,0,0,9,6,5,3,0,9,4,5,5,4
2019_2,1000744,375,163,212,1,49,71,91,102,61,0,14,32,47,29,41,1,35,39,44,73,20
2019_2,1000743,284,148,136,0,25,59,89,54,57,0,6,24,64,28,26,0,19,35,25,26,31
2019_2,1000742,240,89,151,0,35,53,64,69,19,0,16,16,19,26,12,0,19,37,45,43,7
2019_2,1000741,216,109,107,3,31,41,68,42,31,2,7,21,32,26,21,1,24,20,36,16,10
2019_2,1000740,287,103,184,1,107,91,54,17,17,1,26,36,25,8,7,0,81,55,29,9,10
2019_2,1000739,819,434,385,0,115,251,249,142,62,0,38,107,139,102,48,0,77,144,110,40,14
2019_2,1000738,348,182,166,0,34,89,79,112,34,0,10,59,47,51,15,0,24,30,32,61,19
2019_2,1000737,533,246,287,0,84,111,111,143,84,0,20,51,56,69,50,0,64,60,55,74,34
2019_2,1000736,317,206,111,1,27,73,78,91,47,1,20,45,42,62,36,0,7,28,36,29,11
2019_2,1000735,180,109,71,0,10,41,52,47,30,0,4,22,27,35,21,0,6,19,25,12,9
2019_2,1000734,99,60,39,0,22,27,21,16,13,0,14,16,13,10,7,0,8,11,8,6,6
2019_2,1000733,128,68,60,0,8,34,37,30,19,0,2,19,24,10,13,0,6,15,13,20,6
2019_2,1000732,1423,811,612,20,396,330,294,246,137,8,165,217,201,146,74,12,231,113,93,100,63
2019_2,1000731,2014,690,1324,3,403,472,411,426,299,0,67,197,150,159,117,3,336,275,261,267,182
2019_2,1000730,159,86,73,0,31,35,27,44,22,0,9,21,19,22,15,0,22,14,8,22,7
2019_2,1000729,113,80,33,0,5,29,37,24,18,0,4,21,24,16,15,0,1,8,13,8,3
2019_2,1000728,270,137,133,1,26,76,65,49,53,1,11,36,36,24,29,0,15,40,29,25,24
2019_2,1000727,453,281,172,0,42,116,145,99,51,0,19,68,88,62,44,0,23,48,57,37,7
2019_2,1000726,1488,919,569,17,445,440,328,162,96,10,221,272,220,113,83,7,224,168,108,49,13
2019_2,1000725,1117,767,350,1,256,442,230,100,88,1,117,313,178,81,77,0,139,129,52,19,11
2019_2,1000724,935,742,193,0,66,116,180,358,215,0,47,83,137,289,186,0,19,33,43,69,29
2019_2,1000723,163,96,67,2,7,15,24,41,74,2,3,11,11,20,49,0,4,4,13,21,25
2019_2,1000722,212,70,142,0,19,59,50,54,30,0,3,7,15,23,22,0,16,52,35,31,8
2019_2,1000721,908,712,196,4,84,181,200,244,195,2,44,131,154,205,176,2,40,50,46,39,19
2019_2,1000720,663,352,311,0,100,157,183,145,78,0,33,90,103,73,53,0,67,67,80,72,25
2019_2,1000719,1345,865,480,3,169,384,346,335,108,2,78,256,232,224,73,1,91,128,114,111,35
2019_2,1000718,256,195,61,0,9,11,45,53,138,0,3,5,23,37,127,0,6,6,22,16,11
2019_2,1000717,462,240,222,0,80,105,115,114,48,0,27,54,69,58,32,0,53,51,46,56,16
2019_2,1000716,220,99,121,0,26,42,68,56,28,0,11,20,20,24,24,0,15,22,48,32,4
2019_2,1000715,68,40,28,0,4,12,17,25,10,0,0,7,9,16,8,0,4,5,8,9,2
2019_2,1000714,722,301,421,0,69,174,276,155,48,0,32,75,78,73,43,0,37,99,198,82,5
2019_2,1000713,243,129,114,0,27,51,55,58,52,0,9,28,30,31,31,0,18,23,25,27,21
2019_2,1000712,1702,1311,391,1,135,357,423,400,386,0,79,288,349,300,295,1,56,69,74,100,91
2019_2,1000711,136,91,45,0,10,21,36,41,28,0,5,15,24,26,21,0,5,6,12,15,7
2019_2,1000710,423,285,138,1,64,114,106,90,48,0,38,71,81,62,33,1,26,43,25,28,15
2019_2,1000709,11,7,4,0,0,8,1,2,0,0,0,4,1,2,0,0,0,4,0,0,0
2019_2,1000708,144,78,66,0,20,22,34,45,23,0,11,11,15,27,14,0,9,11,19,18,9
2019_2,1000707,165,46,119,0,14,28,42,47,34,0,3,12,13,9,9,0,11,16,29,38,25
2019_2,1000706,183,145,38,0,22,74,54,17,16,0,13,64,45,14,9,0,9,10,9,3,7
2019_2,1000705,83,49,34,0,5,18,14,32,14,0,2,11,6,22,8,0,3,7,8,10,6
2019_2,1000704,114,52,62,2,6,15,25,35,31,2,5,9,14,8,14,0,1,6,11,27,17
2019_2,1000703,483,288,195,3,63,95,115,110,97,3,34,55,65,69,62,0,29,40,50,41,35
2019_2,1000702,228,152,76,1,19,30,24,45,109,0,13,19,14,24,82,1,6,11,10,21,27
2019_2,1000701,59,48,11,0,4,12,16,16,11,0,3,10,12,12,11,0,1,2,4,4,0
2019_2,1000700,333,255,78,1,19,43,97,116,57,1,14,32,70,93,45,0,5,11,27,23,12
2019_2,1000699,37,24,13,0,3,2,13,10,9,0,3,1,6,5,9,0,0,1,7,5,0
2019_2,1000698,313,160,153,0,27,61,69,87,69,0,6,25,34,46,49,0,21,36,35,41,20
2019_2,1000697,70,41,29,0,8,5,14,16,27,0,6,4,9,11,11,0,2,1,5,5,16
2019_2,1000696,476,318,158,1,42,97,114,124,98,0,28,67,76,85,62,1,14,30,38,39,36
2019_2,1000695,274,181,93,0,36,45,72,79,42,0,23,25,54,48,31,0,13,20,18,31,11
2019_2,1000694,428,270,158,2,32,94,121,102,77,1,16,54,77,63,59,1,16,40,44,39,18
2019_2,1000693,989,662,327,3,53,127,229,283,294,1,33,80,145,198,205,2,20,47,84,85,89
2019_2,1000692,176,116,60,0,13,23,47,48,45,0,7,13,30,26,40,0,6,10,17,22,5
2019_2,1000691,2538,1622,916,2,121,379,770,953,313,2,84,286,532,530,188,0,37,93,238,423,125
2019_2,1000690,990,730,260,3,139,273,247,168,160,3,57,199,202,135,134,0,82,74,45,33,26
2019_2,1000689,1015,731,284,2,160,261,322,178,92,1,99,188,238,122,83,1,61,73,84,56,9
2019_2,1000688,1723,895,828,6,393,498,399,279,148,0,121,282,213,167,112,6,272,216,186,112,36
2019_2,1000687,3263,1592,1671,11,1012,868,618,448,306,8,271,406,372,296,239,3,741,462,246,152,67
2019_2,1000686,317,236,81,0,33,49,53,105,77,0,14,37,37,79,69,0,19,12,16,26,8
2019_2,1000685,849,578,271,1,82,150,235,202,179,1,32,88,160,152,145,0,50,62,75,50,34
2019_2,1000684,845,570,275,2,82,179,212,209,161,1,49,126,149,127,118,1,33,53,63,82,43
2019_2,1000683,53,37,16,0,3,9,10,13,18,0,1,5,7,11,13,0,2,4,3,2,5
2019_2,1000682,429,147,282,0,65,105,89,106,64,0,39,27,20,36,25,0,26,78,69,70,39
2019_2,1000681,192,114,78,0,28,31,64,51,18,0,13,20,37,31,13,0,15,11,27,20,5
2019_2,1000680,557,213,344,1,132,124,113,135,52,1,38,51,39,50,34,0,94,73,74,85,18
2019_2,1000679,1679,865,814,8,624,651,249,94,53,2,304,360,111,56,32,6,320,291,138,38,21
2019_2,1000678,130,83,47,0,11,29,33,35,22,0,7,17,21,22,16,0,4,12,12,13,6
2019_2,1000677,571,405,166,0,37,124,125,172,113,0,16,74,80,130,105,0,21,50,45,42,8
2019_2,1000676,233,119,114,0,36,51,66,52,28,0,18,23,29,31,18,0,18,28,37,21,10
2019_2,1000675,100,63,37,0,11,17,37,21,14,0,5,12,21,13,12,0,6,5,16,8,2
2019_2,1000674,354,227,127,0,63,81,68,81,61,0,41,55,43,49,39,0,22,26,25,32,22
2019_2,1000673,316,217,99,0,27,58,112,79,40,0,14,32,85,52,34,0,13,26,27,27,6
2019_2,1000672,358,270,88,0,67,88,70,89,44,0,51,75,51,58,35,0,16,13,19,31,9
2019_2,1000671,175,115,60,0,19,36,40,42,38,0,10,24,27,24,30,0,9,12,13,18,8
2019_2,1000670,88,65,23,0,2,8,19,26,33,0,2,3,11,18,31,0,0,5,8,8,2
2019_2,1000669,4343,2744,1599,5,114,134,249,462,3379,5,80,101,142,248,2168,0,34,33,107,214,1211
2019_2,1000668,1827,988,839,3,170,417,473,517,247,3,87,242,252,263,141,0,83,175,221,254,106
2019_2,1000667,107,67,40,0,7,16,20,40,24,0,4,10,9,24,20,0,3,6,11,16,4
2019_2,1000666,45,23,22,0,4,3,11,15,12,0,1,2,4,7,9,0,3,1,7,8,3
2019_2,1000665,504,343,161,2,70,155,174,69,34,2,38,117,123,40,23,0,32,38,51,29,11
2019_2,1000664,79,26,53,0,8,10,21,23,17,0,0,3,5,8,10,0,8,7,16,15,7
2019_2,1000663,320,275,45,0,7,12,40,118,143,0,3,6,27,102,137,0,4,6,13,16,6
2019_2,1000662,25,6,19,0,3,1,6,7,8,0,1,0,1,2,2,0,2,1,5,5,6
2019_2,1000661,208,74,134,3,23,35,53,74,20,3,12,14,20,14,11,0,11,21,33,60,9
2019_2,1000660,1698,1523,175,1,35,105,104,134,1319,1,17,72,58,86,1289,0,18,33,46,48,30
2019_2,1000659,84,49,35,0,9,21,31,17,6,0,8,12,19,6,4,0,1,9,12,11,2
2019_2,1000658,176,103,73,0,24,32,54,50,16,0,11,16,35,30,11,0,13,16,19,20,5
2019_2,1000657,200,149,51,0,14,26,37,54,69,0,13,15,17,39,65,0,1,11,20,15,4
2019_2,1000656,102,66,36,0,7,20,29,22,24,0,1,14,17,15,19,0,6,6,12,7,5
2019_2,1000655,371,243,128,0,48,83,95,88,57,0,32,61,64,48,38,0,16,22,31,40,19
2019_2,1000654,1032,747,285,9,106,197,267,267,186,8,89,157,192,187,114,1,17,40,75,80,72
2019_2,1000653,937,692,245,0,72,137,163,170,395,0,48,76,93,111,364,0,24,61,70,59,31
2019_2,1000652,157,99,58,2,12,19,31,58,35,2,6,12,17,32,30,0,6,7,14,26,5
2019_2,1000651,44,21,23,0,4,15,19,4,2,0,1,4,12,3,1,0,3,11,7,1,1
2019_2,1000650,478,232,246,0,86,167,100,74,51,0,26,100,49,28,29,0,60,67,51,46,22
2019_2,1000649,129,85,44,0,17,32,30,34,16,0,11,19,20,21,14,0,6,13,10,13,2
2019_2,1000648,437,293,144,16,81,99,111,73,57,14,49,58,77,52,43,2,32,41,34,21,14
2019_2,1000647,665,618,47,0,8,45,117,241,254,0,6,40,102,228,242,0,2,5,15,13,12
2019_2,1000646,200,128,72,0,21,41,55,49,34,0,9,24,37,29,29,0,12,17,18,20,5
2019_2,1000645,244,97,147,0,55,43,47,37,62,0,19,20,23,18,17,0,36,23,24,19,45
2019_2,1000644,645,346,299,2,105,209,141,117,71,1,36,104,83,73,49,1,69,105,58,44,22
2019_2,1000643,2779,1421,1358,7,489,878,758,421,226,2,211,502,403,159,144,5,278,376,355,262,82
2019_2,1000642,58,34,24,0,4,10,13,15,16,0,1,4,8,8,13,0,3,6,5,7,3
2019_2,1000641,167,97,70,0,29,37,47,32,22,0,20,19,27,17,14,0,9,18,20,15,8
2019_2,1000640,62,31,31,1,7,9,15,17,13,1,6,2,7,7,8,0,1,7,8,10,5
2019_2,1000639,105,56,49,2,4,17,29,36,17,1,1,7,17,17,13,1,3,10,12,19,4
2019_2,1000638,125,60,65,1,14,25,38,30,17,0,3,12,19,15,11,1,11,13,19,15,6
2019_2,1000637,86,43,43,0,8,15,18,18,27,0,0,3,9,6,25,0,8,12,9,12,2
2019_2,1000636,511,370,141,1,74,125,120,104,87,1,44,83,91,77,74,0,30,42,29,27,13
2019_2,1000635,101,85,16,0,7,14,35,36,9,0,6,10,29,32,8,0,1,4,6,4,1
2019_2,1000634,594,335,259,0,67,109,146,171,101,0,23,52,82,105,73,0,44,57,64,66,28
2019_2,1000633,585,342,243,1,110,241,141,64,28,0,30,144,99,47,22,1,80,97,42,17,6
2019_2,1000632,387,177,210,5,32,46,97,107,100,3,8,18,31,52,65,2,24,28,66,55,35
2019_2,1000631,119,74,45,0,21,14,24,36,24,0,13,2,13,24,22,0,8,12,11,12,2
2019_2,1000630,143,77,66,0,11,19,38,49,26,0,4,14,19,23,17,0,7,5,19,26,9
2019_2,1000629,146,82,64,0,11,26,46,36,27,0,8,11,24,19,20,0,3,15,22,17,7
2019_2,1000628,386,162,224,0,27,30,56,128,145,0,11,15,33,46,57,0,16,15,23,82,88
2019_2,1000627,24,15,9,0,2,1,8,8,5,0,0,1,5,6,3,0,2,0,3,2,2
2019_2,1000626,108,58,50,0,20,17,23,32,16,0,7,8,13,18,12,0,13,9,10,14,4
2019_2,1000625,1447,1065,382,2,174,430,413,321,107,0,84,326,357,222,76,2,90,104,56,99,31
2019_2,1000624,64,41,23,0,3,7,14,21,19,0,2,5,8,13,13,0,1,2,6,8,6
2019_2,1000623,181,111,70,0,13,24,45,75,24,0,10,9,27,44,21,0,3,15,18,31,3
2019_2,1000622,325,192,133,0,46,135,66,58,20,0,16,71,48,44,13,0,30,64,18,14,7
2019_2,1000621,347,184,163,0,30,59,111,109,38,0,20,39,45,51,29,0,10,20,66,58,9
2019_2,1000620,669,279,390,0,140,151,156,158,64,0,40,54,57,83,45,0,100,97,99,75,19
2019_2,1000619,421,252,169,0,49,123,116,90,43,0,20,87,63,45,37,0,29,36,53,45,6
2019_2,1000618,119,58,61,0,12,19,29,30,29,0,8,8,12,14,16,0,4,11,17,16,13
2019_2,1000617,258,96,162,0,25,43,64,89,37,0,11,20,23,29,13,0,14,23,41,60,24
2019_2,1000616,331,156,175,0,46,63,65,53,104,0,11,23,26,25,71,0,35,40,39,28,33
2019_2,1000615,240,127,113,2,13,35,57,61,72,2,7,15,30,36,37,0,6,20,27,25,35
2019_2,1000614,834,597,237,6,51,110,178,244,245,4,20,65,110,180,218,2,31,45,68,64,27
2019_2,1000613,3242,1499,1743,5,292,601,871,984,489,2,164,318,399,368,248,3,128,283,472,616,241
2019_2,1000612,179,124,55,1,35,50,44,32,17,1,21,34,31,26,11,0,14,16,13,6,6
2019_2,1000611,2174,1501,673,14,740,902,296,155,67,9,430,701,214,95,52,5,310,201,82,60,15
2019_2,1000610,1349,442,907,4,191,215,341,471,127,3,109,109,76,84,61,1,82,106,265,387,66
2019_2,1000609,178,84,94,0,35,34,35,46,28,0,7,20,15,23,19,0,28,14,20,23,9
2019_2,1000608,938,587,351,1,67,130,193,231,316,0,35,86,132,144,190,1,32,44,61,87,126
2019_2,1000607,798,527,271,0,56,128,177,221,216,0,26,80,88,137,196,0,30,48,89,84,20
2019_2,1000606,574,454,120,0,22,46,80,186,240,0,10,26,58,156,204,0,12,20,22,30,36
2019_2,1000605,575,335,240,0,156,141,103,84,91,0,62,81,68,56,68,0,94,60,35,28,23
2019_2,1000604,393,210,183,1,32,77,85,125,73,1,21,45,50,59,34,0,11,32,35,66,39
2019_2,1000603,478,348,130,1,70,138,132,91,46,1,49,104,96,69,29,0,21,34,36,22,17
2019_2,1000602,283,122,161,1,69,66,62,52,33,1,8,25,32,30,26,0,61,41,30,22,7
2019_2,1000601,130,65,65,0,12,28,50,24,16,0,2,16,25,13,9,0,10,12,25,11,7
2019_2,1000600,471,367,104,0,34,67,65,83,222,0,9,41,38,70,209,0,25,26,27,13,13
2019_2,1000599,126,24,102,0,7,27,37,36,19,0,3,4,4,4,9,0,4,23,33,32,10
2019_2,1000598,325,215,110,1,29,61,84,93,57,1,19,35,52,65,43,0,10,26,32,28,14
2019_2,1000597,474,363,111,1,41,75,122,123,112,1,16,55,94,97,100,0,25,20,28,26,12
2019_2,1000596,1127,699,428,5,167,241,285,270,159,5,89,161,170,146,128,0,78,80,115,124,31
2019_2,1000595,368,276,92,0,46,97,103,80,42,0,24,72,78,68,34,0,22,25,25,12,8
2019_2,1000594,516,388,128,0,54,118,123,124,97,0,41,83,86,92,86,0,13,35,37,32,11
2019_2,1000593,203,95,108,0,28,39,45,57,34,0,9,20,21,26,19,0,19,19,24,31,15
2019_2,1000592,161,106,55,1,18,25,45,40,32,1,9,16,29,28,23,0,9,9,16,12,9
2019_2,1000591,312,176,136,1,45,66,82,71,47,0,23,36,44,41,32,1,22,30,38,30,15
2019_2,1000590,706,451,255,0,85,190,221,153,57,0,45,118,154,96,38,0,40,72,67,57,19
2019_2,1000589,380,245,135,5,48,63,105,91,68,2,18,45,76,59,45,3,30,18,29,32,23
2019_2,1000588,1514,501,1013,1,521,502,264,164,62,0,81,191,119,70,40,1,440,311,145,94,22
2019_2,1000587,437,322,115,1,39,59,72,109,157,1,15,28,46,88,144,0,24,31,26,21,13
2019_2,1000586,292,160,132,0,28,52,90,86,36,0,15,25,41,51,28,0,13,27,49,35,8
2019_2,1000585,355,152,203,2,47,82,66,101,57,1,15,32,31,45,28,1,32,50,35,56,29
2019_2,1000584,234,174,60,1,16,47,72,54,44,0,4,37,53,44,36,1,12,10,19,10,8
2019_2,1000583,309,217,92,0,32,86,94,69,28,0,20,56,68,49,24,0,12,30,26,20,4
2019_2,1000582,217,123,94,7,15,56,53,55,31,6,8,35,27,28,19,1,7,21,26,27,12
2019_2,1000581,226,112,114,1,25,29,50,68,53,0,12,18,27,32,23,1,13,11,23,36,30
2019_2,1000580,276,190,86,0,26,52,70,70,58,0,14,33,45,51,47,0,12,19,25,19,11
2019_2,1000579,498,387,111,6,86,162,123,89,32,4,50,133,108,67,25,2,36,29,15,22,7
2019_2,1000578,1046,654,392,2,93,263,210,275,203,2,31,133,129,190,169,0,62,130,81,85,34
2019_2,1000577,839,584,255,2,89,188,228,188,144,2,38,125,149,147,123,0,51,63,79,41,21
2019_2,1000576,741,448,293,9,202,230,165,86,49,1,82,153,121,52,39,8,120,77,44,34,10
2019_2,1000575,477,302,175,2,81,138,115,87,54,2,21,87,84,68,40,0,60,51,31,19,14
2019_2,1000574,128,91,37,0,7,29,54,20,18,0,2,24,39,14,12,0,5,5,15,6,6
2019_2,1000573,226,147,79,0,15,45,57,52,57,0,9,28,30,37,43,0,6,17,27,15,14
2019_2,1000572,147,94,53,0,9,28,53,26,31,0,5,20,26,20,23,0,4,8,27,6,8
2019_2,1000571,275,174,101,2,39,63,75,56,40,1,23,36,48,34,32,1,16,27,27,22,8
2019_2,1000570,134,82,52,0,22,28,30,21,33,0,7,14,17,12,32,0,15,14,13,9,1
2019_2,1000569,196,124,72,0,15,20,51,70,40,0,9,10,35,50,20,0,6,10,16,20,20
2019_2,1000568,259,181,78,0,33,119,43,43,21,0,22,89,31,22,17,0,11,30,12,21,4
2019_2,1000567,930,654,276,0,74,147,226,205,278,0,28,93,155,146,232,0,46,54,71,59,46
2019_2,1000566,211,130,81,0,14,49,64,49,35,0,7,29,41,27,26,0,7,20,23,22,9
2019_2,1000565,299,200,99,0,31,70,89,66,43,0,24,45,55,43,33,0,7,25,34,23,10
2019_2,1000564,378,232,146,2,60,105,117,73,21,2,38,63,75,37,17,0,22,42,42,36,4
2019_2,1000563,216,119,97,0,31,29,52,65,39,0,19,11,26,38,25,0,12,18,26,27,14
2019_2,1000562,192,146,46,0,10,34,53,64,31,0,6,27,39,48,26,0,4,7,14,16,5
2019_2,1000561,310,131,179,0,37,57,104,80,32,0,14,19,33,43,22,0,23,38,71,37,10
2019_2,1000560,167,110,57,0,17,25,50,42,33,0,6,21,29,29,25,0,11,4,21,13,8
2019_2,1000559,82,32,50,0,6,11,31,13,21,0,2,0,11,4,15,0,4,11,20,9,6
2019_2,1000558,324,160,164,0,23,76,90,86,49,0,10,46,41,35,28,0,13,30,49,51,21
2019_2,1000557,392,223,169,0,60,127,97,69,39,0,22,79,54,46,22,0,38,48,43,23,17
2019_2,1000556,690,539,151,2,73,237,176,156,46,2,54,188,133,124,38,0,19,49,43,32,8
2019_2,1000555,562,397,165,0,23,54,111,262,112,0,9,20,62,212,94,0,14,34,49,50,18
2019_2,1000554,256,165,91,2,18,40,70,86,40,2,13,23,41,54,32,0,5,17,29,32,8
2019_2,1000553,382,190,192,1,34,60,100,100,87,0,17,38,66,48,21,1,17,22,34,52,66
2019_2,1000552,212,117,95,2,23,42,73,45,27,2,13,23,37,25,17,0,10,19,36,20,10
2019_2,1000551,248,180,68,0,20,58,61,56,53,0,15,45,49,43,28,0,5,13,12,13,25
2019_2,1000550,264,141,123,0,26,66,65,76,31,0,9,24,44,38,26,0,17,42,21,38,5
2019_2,1000549,221,110,111,0,16,62,62,45,36,0,4,28,28,22,28,0,12,34,34,23,8
2019_2,1000548,358,218,140,2,30,72,100,104,50,2,12,42,58,63,41,0,18,30,42,41,9
2019_2,1000547,474,315,159,0,64,83,126,109,92,0,39,61,83,58,74,0,25,22,43,51,18
2019_2,1000546,79,39,40,0,12,21,26,15,5,0,2,6,19,8,4,0,10,15,7,7,1
2019_2,1000545,1410,1336,74,0,19,19,49,174,1149,0,9,8,28,155,1136,0,10,11,21,19,13
2019_2,1000544,74,37,37,0,9,7,21,18,19,0,1,3,9,10,14,0,8,4,12,8,5
2019_2,1000543,161,102,59,1,27,39,30,37,27,1,19,26,16,21,19,0,8,13,14,16,8
2019_2,1000542,118,79,39,0,7,13,36,43,19,0,5,6,29,30,9,0,2,7,7,13,10
2019_2,1000541,448,180,268,0,45,104,89,131,79,0,23,43,44,48,22,0,22,61,45,83,57
2019_2,1000540,171,62,109,0,6,13,13,72,67,0,4,3,10,18,27,0,2,10,3,54,40
2019_2,1000539,112,76,36,0,9,16,34,37,16,0,4,12,20,28,12,0,5,4,14,9,4
2019_2,1000538,208,145,63,0,16,28,60,75,29,0,12,16,41,50,26,0,4,12,19,25,3
2019_2,1000537,230,130,100,0,35,54,54,52,35,0,18,32,33,21,26,0,17,22,21,31,9
2019_2,1000536,492,171,321,3,44,68,107,144,126,3,16,36,36,34,46,0,28,32,71,110,80
2019_2,1000535,53,31,22,0,2,6,13,18,14,0,2,3,5,11,10,0,0,3,8,7,4
2019_2,1000534,311,152,159,0,24,50,88,93,56,0,11,28,41,38,34,0,13,22,47,55,22
2019_2,1000533,399,277,122,1,33,105,100,102,58,1,12,78,71,67,48,0,21,27,29,35,10
2019_2,1000532,578,347,231,1,67,128,163,148,71,0,36,76,106,82,47,1,31,52,57,66,24
2019_2,1000531,339,226,113,2,37,65,95,96,44,1,31,51,67,56,20,1,6,14,28,40,24
2019_2,1000530,351,206,145,0,60,93,81,80,37,0,23,49,54,58,22,0,37,44,27,22,15
2019_2,1000529,121,80,41,0,5,19,25,46,26,0,4,13,17,27,19,0,1,6,8,19,7
2019_2,1000528,183,111,72,2,19,44,39,39,40,2,7,21,22,26,33,0,12,23,17,13,7
2019_2,1000527,453,194,259,0,97,106,109,101,40,0,25,41,55,45,28,0,72,65,54,56,12
2019_2,1000526,169,70,99,0,32,31,45,42,19,0,10,11,16,19,14,0,22,20,29,23,5
2019_2,1000525,121,73,48,4,12,26,30,34,15,2,3,18,17,20,13,2,9,8,13,14,2
2019_2,1000524,287,177,110,0,37,51,60,65,74,0,17,34,45,51,30,0,20,17,15,14,44
2019_2,1000523,165,102,63,0,22,53,38,25,27,0,8,30,24,18,22,0,14,23,14,7,5
2019_2,1000522,739,457,282,0,52,172,161,173,181,0,22,91,96,126,122,0,30,81,65,47,59
2019_2,1000521,381,208,173,2,47,105,128,67,32,1,20,51,70,47,19,1,27,54,58,20,13
2019_2,1000520,190,110,80,0,24,37,53,53,23,0,15,19,28,32,16,0,9,18,25,21,7
2019_2,1000519,389,228,161,0,47,89,83,94,76,0,22,49,54,63,40,0,25,40,29,31,36
2019_2,1000518,886,575,311,3,86,174,224,192,207,2,47,108,135,124,159,1,39,66,89,68,48
2019_2,1000517,965,681,284,1,188,241,242,155,138,0,157,212,189,58,65,1,31,29,53,97,73
2019_2,1000516,185,77,108,0,20,35,33,54,43,0,6,13,11,20,27,0,14,22,22,34,16
2019_2,1000515,253,138,115,0,17,25,67,97,47,0,10,14,39,47,28,0,7,11,28,50,19
2019_2,1000514,247,152,95,0,34,53,56,68,36,0,22,32,35,38,25,0,12,21,21,30,11
2019_2,1000513,152,69,83,4,24,39,25,41,19,4,7,13,11,22,12,0,17,26,14,19,7
2019_2,1000512,171,109,62,0,14,42,53,45,17,0,8,24,35,31,11,0,6,18,18,14,6
2019_2,1000511,442,180,262,0,39,70,143,143,47,0,29,32,42,46,31,0,10,38,101,97,16
2019_2,1000510,312,201,111,4,42,74,75,75,42,3,32,57,44,39,26,1,10,17,31,36,16
2019_2,1000509,571,321,250,0,80,94,126,180,91,0,39,60,64,103,55,0,41,34,62,77,36
2019_2,1000508,586,475,111,3,35,57,144,242,105,1,22,41,116,198,97,2,13,16,28,44,8
2019_2,1000507,113,65,48,1,15,18,28,32,19,1,14,10,13,15,12,0,1,8,15,17,7
2019_2,1000506,811,463,348,0,73,182,253,258,45,0,22,68,154,194,25,0,51,114,99,64,20
2019_2,1000505,291,143,148,0,53,57,69,69,43,0,18,30,37,31,27,0,35,27,32,38,16
2019_2,1000504,1502,712,790,8,279,459,342,234,180,2,71,219,201,129,90,6,208,240,141,105,90
2019_2,1000503,739,286,453,0,117,294,183,112,33,0,27,95,88,50,26,0,90,199,95,62,7
2019_2,1000502,503,334,169,2,30,108,150,147,66,2,15,63,91,107,56,0,15,45,59,40,10
2019_2,1000501,307,119,188,0,36,63,89,91,28,0,14,18,34,35,18,0,22,45,55,56,10
2019_2,1000500,270,185,85,0,27,65,70,70,38,0,17,43,40,57,28,0,10,22,30,13,10
2019_2,1000499,1290,882,408,0,100,173,226,179,612,0,33,91,116,106,536,0,67,82,110,73,76
2019_2,1000498,408,138,270,0,86,82,106,83,51,0,33,34,33,24,14,0,53,48,73,59,37
2019_2,1000497,1245,730,515,3,229,347,329,231,106,3,90,199,203,155,80,0,139,148,126,76,26
2019_2,1000496,269,178,91,1,29,68,65,74,32,1,6,40,47,58,26,0,23,28,18,16,6
2019_2,1000495,132,75,57,0,47,27,18,25,15,0,25,16,10,12,12,0,22,11,8,13,3
2019_2,1000494,884,601,283,3,161,349,218,120,33,3,72,238,159,104,25,0,89,111,59,16,8
2019_2,1000493,735,445,290,2,130,205,199,136,63,2,52,115,132,97,47,0,78,90,67,39,16
2019_2,1000492,676,339,337,0,89,138,145,182,122,0,37,67,81,105,49,0,52,71,64,77,73
2019_2,1000491,2245,883,1362,4,180,332,331,246,1152,2,78,185,206,101,311,2,102,147,125,145,841
2019_2,1000490,91,49,42,0,13,10,22,20,26,0,11,6,7,6,19,0,2,4,15,14,7
2019_2,1000489,91,27,64,0,26,18,19,20,8,0,3,3,8,8,5,0,23,15,11,12,3
2019_2,1000488,276,150,126,2,41,65,66,54,48,2,23,41,27,26,31,0,18,24,39,28,17
2019_2,1000487,2192,1610,582,0,117,173,344,769,789,0,43,120,279,576,592,0,74,53,65,193,197
2019_2,1000486,127,72,55,0,20,28,35,21,23,0,6,13,18,15,20,0,14,15,17,6,3
2019_2,1000485,323,224,99,0,44,76,84,87,32,0,20,55,55,63,31,0,24,21,29,24,1
2019_2,1000484,1260,726,534,11,315,300,267,261,106,2,123,184,177,176,64,9,192,116,90,85,42
2019_2,1000483,180,106,74,0,36,59,55,17,13,0,16,38,32,10,10,0,20,21,23,7,3
2019_2,1000482,4503,3329,1174,32,324,755,1033,1654,705,29,187,555,818,1218,522,3,137,200,215,436,183
2019_2,1000481,1167,798,369,5,218,343,305,195,101,5,102,226,227,159,79,0,116,117,78,36,22
2019_2,1000480,1781,1234,547,74,511,538,387,171,100,29,295,402,317,129,62,45,216,136,70,42,38
2019_2,1000479,652,389,263,3,139,130,153,137,90,2,55,83,99,90,60,1,84,47,54,47,30
2019_2,1000478,111,83,28,0,3,7,31,37,33,0,3,5,22,22,31,0,0,2,9,15,2
2019_2,1000477,380,207,173,0,71,76,97,86,50,0,29,40,58,47,33,0,42,36,39,39,17
2019_2,1000476,339,221,118,0,44,78,101,86,30,0,23,54,65,56,23,0,21,24,36,30,7
2019_2,1000475,147,84,63,0,7,23,43,50,24,0,3,12,22,31,16,0,4,11,21,19,8
2019_2,1000474,1540,724,816,8,521,407,318,175,111,5,243,235,117,62,62,3,278,172,201,113,49
2019_2,1000473,1567,1015,552,2,238,405,342,350,230,0,112,264,248,248,143,2,126,141,94,102,87
2019_2,1000472,680,364,316,1,78,162,170,125,144,0,25,84,96,67,92,1,53,78,74,58,52
2019_2,1000471,76,32,44,1,4,13,18,23,17,0,2,3,5,12,10,1,2,10,13,11,7
2019_2,1000470,622,255,367,0,53,131,214,158,66,0,17,58,114,35,31,0,36,73,100,123,35
2019_2,1000469,1193,731,462,6,225,338,305,206,113,3,79,194,210,157,88,3,146,144,95,49,25
2019_2,1000468,1133,701,432,2,198,395,314,155,69,1,74,239,222,115,50,1,124,156,92,40,19
2019_2,1000467,1139,729,410,1,164,276,283,239,176,1,77,173,222,147,109,0,87,103,61,92,67
2019_2,1000466,459,264,195,1,63,111,110,114,60,0,26,52,71,69,46,1,37,59,39,45,14
2019_2,1000465,575,372,203,7,98,159,142,105,64,5,47,96,106,73,45,2,51,63,36,32,19
2019_2,1000464,416,211,205,6,67,95,117,104,27,5,41,56,49,38,22,1,26,39,68,66,5
2019_2,1000463,100,67,33,0,16,29,32,15,8,0,7,21,20,13,6,0,9,8,12,2,2
2019_2,1000462,57,27,30,0,6,11,11,15,14,0,1,6,5,5,10,0,5,5,6,10,4
2019_2,1000461,687,298,389,4,129,133,121,173,127,2,70,82,42,41,61,2,59,51,79,132,66
2019_2,1000460,97,50,47,1,21,21,18,27,9,1,10,13,6,14,6,0,11,8,12,13,3
2019_2,1000459,363,205,158,0,28,54,75,117,89,0,7,25,34,79,60,0,21,29,41,38,29
2019_2,1000458,344,200,144,0,19,53,79,82,111,0,10,27,45,45,73,0,9,26,34,37,38
2019_2,1000457,280,131,149,1,37,70,76,56,40,0,9,27,39,31,25,1,28,43,37,25,15
2019_2,1000456,79,49,30,0,5,14,26,18,16,0,3,9,16,10,11,0,2,5,10,8,5
2019_2,1000455,53,24,29,0,7,11,10,21,4,0,3,6,3,9,3,0,4,5,7,12,1
2019_2,1000454,722,448,274,1,31,90,202,332,66,0,11,55,121,205,56,1,20,35,81,127,10
2019_2,1000453,76,30,46,0,7,7,24,24,14,0,0,2,8,13,7,0,7,5,16,11,7
2019_2,1000452,3745,2262,1483,0,301,1011,1299,1044,90,0,191,676,781,556,58,0,110,335,518,488,32
2019_2,1000451,2596,1459,1137,1,496,845,610,400,244,0,235,471,366,242,145,1,261,374,244,158,99
2019_2,1000450,375,305,70,1,15,34,74,140,111,1,7,19,51,122,105,0,8,15,23,18,6
2019_2,1000449,869,405,464,1,105,240,215,176,132,1,28,99,121,78,78,0,77,141,94,98,54
2019_2,1000448,280,111,169,0,34,61,80,56,49,0,4,18,21,30,38,0,30,43,59,26,11
2019_2,1000447,136,78,58,0,29,26,29,35,17,0,15,14,20,17,12,0,14,12,9,18,5
2019_2,1000446,652,405,247,3,91,155,168,151,84,1,34,85,88,126,71,2,57,70,80,25,13
2019_2,1000445,3486,3183,303,1,384,676,565,1481,379,1,340,596,477,1414,355,0,44,80,88,67,24
2019_2,1000444,36,16,20,0,6,4,11,8,7,0,1,1,6,5,3,0,5,3,5,3,4
2019_2,1000443,2502,2197,305,0,48,127,108,277,1942,0,21,90,66,210,1810,0,27,37,42,67,132
2019_2,1000442,449,174,275,0,51,48,102,194,54,0,25,26,40,56,27,0,26,22,62,138,27
2019_2,1000441,185,92,93,0,29,34,46,47,29,0,10,18,22,29,13,0,19,16,24,18,16
2019_2,1000440,179,40,139,0,20,47,53,41,18,0,2,7,7,13,11,0,18,40,46,28,7
2019_2,1000439,212,96,116,0,40,46,40,43,43,0,15,25,13,25,18,0,25,21,27,18,25
2019_2,1000438,137,31,106,0,9,22,42,54,10,0,2,5,8,10,6,0,7,17,34,44,4
2019_2,1000437,312,209,103,0,22,42,49,94,105,0,9,22,22,61,95,0,13,20,27,33,10
2019_2,1000436,734,453,281,2,54,128,186,243,121,2,26,72,118,146,89,0,28,56,68,97,32
2019_2,1000435,135,78,57,0,14,16,44,36,25,0,7,8,26,23,14,0,7,8,18,13,11
2019_2,1000434,184,79,105,0,20,36,44,53,31,0,10,20,24,15,10,0,10,16,20,38,21
2019_2,1000433,308,158,150,0,35,50,74,70,79,0,13,23,35,34,53,0,22,27,39,36,26
2019_2,1000432,154,49,105,0,17,33,47,34,23,0,2,9,12,12,14,0,15,24,35,22,9
2019_2,1000431,112,43,69,0,9,20,31,31,21,0,2,12,13,11,5,0,7,8,18,20,16
2019_2,1000430,319,179,140,0,63,69,73,57,57,0,24,39,47,36,33,0,39,30,26,21,24
2019_2,1000429,379,186,193,3,62,93,93,84,44,3,39,50,42,31,21,0,23,43,51,53,23
2019_2,1000428,264,170,94,0,35,74,61,51,43,0,23,50,42,32,23,0,12,24,19,19,20
2019_2,1000427,665,578,87,0,34,99,207,225,100,0,21,88,191,202,76,0,13,11,16,23,24
2019_2,1000426,469,262,207,0,72,120,132,92,53,0,38,73,70,39,42,0,34,47,62,53,11
2019_2,1000425,270,131,139,0,32,57,75,65,41,0,12,22,41,31,25,0,20,35,34,34,16
2019_2,1000424,164,101,63,0,7,31,49,47,30,0,4,11,26,36,24,0,3,20,23,11,6
2019_2,1000423,427,323,104,0,75,121,80,85,66,0,62,101,54,50,56,0,13,20,26,35,10
2019_2,1000422,89,48,41,0,8,20,28,20,13,0,2,7,17,9,13,0,6,13,11,11,0
2019_2,1000421,225,119,106,1,18,42,77,55,32,1,9,24,46,21,18,0,9,18,31,34,14
2019_2,1000420,126,62,64,0,17,23,30,40,16,0,2,8,16,25,11,0,15,15,14,15,5
2019_2,1000419,92,56,36,0,23,20,22,25,2,0,8,13,12,21,2,0,15,7,10,4,0
2019_2,1000418,129,30,99,0,12,20,37,32,28,0,3,3,9,7,8,0,9,17,28,25,20
2019_2,1000417,63,38,25,0,8,14,15,16,10,0,1,6,12,10,9,0,7,8,3,6,1
2019_2,1000416,265,176,89,1,59,81,63,44,17,0,26,59,48,33,10,1,33,22,15,11,7
2019_2,1000415,290,131,159,1,39,72,85,55,38,1,14,26,44,26,20,0,25,46,41,29,18
2019_2,1000414,48,9,39,0,2,2,5,11,28,0,1,2,0,2,4,0,1,0,5,9,24
2019_2,1000413,661,309,352,1,50,111,153,198,148,0,16,61,79,82,71,1,34,50,74,116,77
2019_2,1000412,305,178,127,2,27,44,48,68,116,0,10,21,23,35,89,2,17,23,25,33,27
2019_2,1000411,583,226,357,0,44,79,144,210,106,0,13,42,54,68,49,0,31,37,90,142,57
2019_2,1000410,114,42,72,0,10,15,30,48,11,0,2,4,7,21,8,0,8,11,23,27,3
2019_2,1000409,153,65,88,1,9,40,45,36,22,0,4,17,20,15,9,1,5,23,25,21,13
2019_2,1000408,1175,602,573,0,10,24,37,130,974,0,7,4,15,54,522,0,3,20,22,76,452
2019_2,1000407,111,49,62,0,2,25,26,36,22,0,1,18,13,12,5,0,1,7,13,24,17
2019_2,1000406,96,64,32,1,12,22,22,23,16,0,8,16,10,17,13,1,4,6,12,6,3
2019_2,1000405,271,146,125,1,54,70,61,52,33,0,18,44,31,32,21,1,36,26,30,20,12
2019_2,1000404,404,187,217,6,69,79,117,89,44,6,28,30,45,43,35,0,41,49,72,46,9
2019_2,1000403,249,151,98,0,21,51,69,53,55,0,11,33,39,29,39,0,10,18,30,24,16
2019_2,1000402,623,157,466,1,33,76,173,220,120,1,7,34,47,33,35,0,26,42,126,187,85
2019_2,1000401,316,187,129,0,37,59,68,86,66,0,15,31,43,50,48,0,22,28,25,36,18
2019_2,1000400,388,274,114,3,100,117,61,64,43,1,73,82,44,45,29,2,27,35,17,19,14
2019_2,1000399,614,256,358,0,185,166,143,91,29,0,43,67,72,53,21,0,142,99,71,38,8
2019_2,1000398,195,101,94,0,18,28,74,44,31,0,11,16,32,19,23,0,7,12,42,25,8
2019_2,1000397,146,100,46,0,13,18,45,51,19,0,6,12,34,31,17,0,7,6,11,20,2
2019_2,1000396,152,98,54,0,8,25,64,35,20,0,5,17,44,16,16,0,3,8,20,19,4
2019_2,1000395,130,40,90,0,9,23,25,55,18,0,3,15,8,11,3,0,6,8,17,44,15
2019_2,1000394,197,99,98,0,12,26,43,72,44,0,4,11,28,34,22,0,8,15,15,38,22
2019_2,1000393,285,154,131,0,27,72,69,84,33,0,13,49,28,35,29,0,14,23,41,49,4
2019_2,1000392,155,59,96,0,18,38,35,45,19,0,6,19,14,11,9,0,12,19,21,34,10
2019_2,1000391,272,159,113,1,30,65,59,75,42,0,12,40,32,46,29,1,18,25,27,29,13
2019_2,1000390,93,44,49,0,8,16,27,26,16,0,5,6,13,10,10,0,3,10,14,16,6
2019_2,1000389,429,223,206,0,33,74,136,130,56,0,20,43,61,51,48,0,13,31,75,79,8
2019_2,1000388,235,91,144,2,17,22,57,74,63,0,6,13,26,22,24,2,11,9,31,52,39
2019_2,1000387,197,76,121,0,27,24,60,55,31,0,7,12,29,16,12,0,20,12,31,39,19
2019_2,1000386,156,73,83,1,32,37,44,25,17,0,8,18,25,13,9,1,24,19,19,12,8
2019_2,1000385,619,268,351,2,60,135,190,161,71,2,26,56,78,65,41,0,34,79,112,96,30
2019_2,1000384,288,106,182,0,24,37,82,79,66,0,13,27,29,20,17,0,11,10,53,59,49
2019_2,1000383,280,189,91,0,33,75,90,54,28,0,24,58,64,28,15,0,9,17,26,26,13
2019_2,1000382,143,88,55,0,25,21,35,42,20,0,13,12,21,27,15,0,12,9,14,15,5
2019_2,1000381,557,352,205,0,30,35,82,87,323,0,24,18,57,53,200,0,6,17,25,34,123
2019_2,1000380,390,283,107,0,31,51,77,115,116,0,16,33,43,86,105,0,15,18,34,29,11
2019_2,1000379,1133,839,294,1,114,176,271,318,253,1,64,119,197,247,211,0,50,57,74,71,42
2019_2,1000378,118,55,63,0,3,10,26,56,23,0,2,6,11,26,10,0,1,4,15,30,13
2019_2,1000377,98,56,42,1,11,18,30,19,19,0,5,11,14,12,14,1,6,7,16,7,5
2019_2,1000376,101,69,32,0,8,14,31,30,18,0,3,7,26,21,12,0,5,7,5,9,6
2019_2,1000375,193,70,123,0,27,26,58,42,40,0,7,5,22,7,29,0,20,21,36,35,11
2019_2,1000374,309,177,132,1,25,68,93,88,34,1,11,48,47,43,27,0,14,20,46,45,7
2019_2,1000373,51,23,28,0,0,4,18,18,11,0,0,2,8,7,6,0,0,2,10,11,5
2019_2,1000372,178,87,91,0,20,29,40,46,43,0,10,18,20,18,21,0,10,11,20,28,22
2019_2,1000371,206,114,92,0,10,29,67,51,49,0,6,20,36,25,27,0,4,9,31,26,22
2019_2,1000370,613,413,200,0,84,135,140,144,110,0,49,88,91,92,93,0,35,47,49,52,17
2019_2,1000369,79,49,30,0,7,17,19,18,18,0,5,9,9,13,13,0,2,8,10,5,5
2019_2,1000368,1194,445,749,0,15,35,47,150,947,0,3,15,22,41,364,0,12,20,25,109,583
2019_2,1000367,27,24,3,0,4,7,9,2,5,0,4,7,8,2,3,0,0,0,1,0,2
2019_2,1000366,108,36,72,0,11,19,39,24,15,0,0,10,12,7,7,0,11,9,27,17,8
2019_2,1000365,268,194,74,0,17,21,30,102,98,0,8,8,17,78,83,0,9,13,13,24,15
2019_2,1000364,66,38,28,0,6,18,19,12,11,0,2,8,9,10,9,0,4,10,10,2,2
2019_2,1000363,376,337,39,0,10,20,44,133,169,0,5,14,35,123,160,0,5,6,9,10,9
2019_2,1000362,190,88,102,0,13,30,39,65,43,0,8,19,20,20,21,0,5,11,19,45,22
2019_2,1000361,118,83,35,0,6,14,33,39,26,0,2,11,22,26,22,0,4,3,11,13,4
2019_2,1000360,421,178,243,2,55,78,97,130,59,2,22,30,43,52,29,0,33,48,54,78,30
2019_2,1000359,212,159,53,0,23,33,56,69,31,0,8,24,44,58,25,0,15,9,12,11,6
2019_2,1000358,188,98,90,0,40,36,40,51,21,0,13,29,14,30,12,0,27,7,26,21,9
2019_2,1000357,116,52,64,0,13,36,34,16,17,0,6,17,12,5,12,0,7,19,22,11,5
2019_2,1000356,89,45,44,0,2,18,25,21,23,0,0,11,11,8,15,0,2,7,14,13,8
2019_2,1000355,39,23,16,0,4,5,9,17,4,0,3,3,5,9,3,0,1,2,4,8,1
2019_2,1000354,160,115,45,0,11,38,48,48,15,0,6,30,31,33,15,0,5,8,17,15,0
2019_2,1000353,34,13,21,0,4,6,5,14,5,0,1,2,2,5,3,0,3,4,3,9,2
2019_2,1000352,184,99,85,0,23,19,41,57,44,0,8,11,18,27,35,0,15,8,23,30,9
2019_2,1000351,37,24,13,0,1,9,10,6,11,0,0,6,6,5,7,0,1,3,4,1,4
2019_2,1000350,112,41,71,0,24,20,22,31,15,0,8,10,7,8,8,0,16,10,15,23,7
2019_2,1000349,76,43,33,0,5,14,18,23,16,0,2,9,11,11,10,0,3,5,7,12,6
2019_2,1000348,74,55,19,0,6,13,25,18,12,0,4,12,19,13,7,0,2,1,6,5,5
2019_2,1000347,36,18,18,0,4,5,9,8,10,0,1,1,3,4,9,0,3,4,6,4,1
2019_2,1000346,549,347,202,6,56,88,127,161,111,5,22,51,73,106,90,1,34,37,54,55,21
2019_2,1000345,226,155,71,0,33,85,56,29,23,0,16,66,45,15,13,0,17,19,11,14,10
2019_2,1000344,67,25,42,0,6,15,17,13,16,0,0,9,5,6,5,0,6,6,12,7,11
2019_2,1000343,35,22,13,0,4,11,8,5,7,0,1,7,6,4,4,0,3,4,2,1,3
2019_2,1000342,307,111,196,0,41,66,67,66,67,0,9,20,31,17,34,0,32,46,36,49,33
2019_2,1000341,120,53,67,0,7,19,37,42,15,0,1,11,20,18,3,0,6,8,17,24,12
2019_2,1000340,41,26,15,0,6,9,10,12,4,0,4,8,8,6,0,0,2,1,2,6,4
2019_2,1000339,190,119,71,0,21,50,53,34,32,0,11,34,34,17,23,0,10,16,19,17,9
2019_2,1000338,353,99,254,0,43,88,100,78,44,0,4,18,28,23,26,0,39,70,72,55,18
2019_2,1000337,314,93,221,0,45,91,70,74,34,0,6,22,16,26,23,0,39,69,54,48,11
2019_2,1000336,44,15,29,0,3,9,16,9,7,0,1,1,6,5,2,0,2,8,10,4,5
2019_2,1000335,91,53,38,0,2,11,40,21,17,0,0,7,25,13,8,0,2,4,15,8,9
2019_2,1000334,210,92,118,0,23,51,59,51,26,0,5,19,23,24,21,0,18,32,36,27,5
2019_2,1000333,158,67,91,0,18,31,49,38,22,0,9,16,20,12,10,0,9,15,29,26,12
2019_2,1000332,317,73,244,0,18,17,32,47,203,0,7,9,11,14,32,0,11,8,21,33,171
2019_2,1000331,324,256,68,0,21,34,46,95,128,0,11,13,31,83,118,0,10,21,15,12,10
2019_2,1000330,12,5,7,0,0,1,6,2,3,0,0,1,1,0,3,0,0,0,5,2,0
2019_2,1000329,32,19,13,0,2,3,10,13,4,0,1,2,6,8,2,0,1,1,4,5,2
2019_2,1000328,210,186,24,0,8,13,40,86,63,0,6,10,31,77,62,0,2,3,9,9,1
2019_2,1000327,98,43,55,0,3,22,39,19,15,0,0,9,16,10,8,0,3,13,23,9,7
2019_2,1000326,227,135,92,0,29,45,74,51,28,0,24,30,37,23,21,0,5,15,37,28,7
2019_2,1000325,8,6,2,0,0,1,0,3,4,0,0,1,0,2,3,0,0,0,0,1,1
2019_2,1000324,325,151,174,1,36,35,67,82,104,0,8,17,33,36,57,1,28,18,34,46,47
2019_2,1000323,124,65,59,1,12,13,36,43,19,1,6,7,17,22,12,0,6,6,19,21,7
2019_2,1000322,109,55,54,0,5,18,21,40,25,0,1,7,13,18,16,0,4,11,8,22,9
2019_2,1000321,202,156,46,3,8,20,54,59,58,3,3,13,38,45,54,0,5,7,16,14,4
2019_2,1000320,16,14,2,0,3,2,3,6,2,0,3,2,3,5,1,0,0,0,0,1,1
2019_2,1000319,171,89,82,0,8,13,32,35,83,0,3,9,13,20,44,0,5,4,19,15,39
2019_2,1000318,159,89,70,0,22,33,45,44,15,0,6,25,27,21,10,0,16,8,18,23,5
2019_2,1000317,104,40,64,0,10,20,26,28,20,0,2,5,4,11,18,0,8,15,22,17,2
2019_2,1000316,87,48,39,0,7,9,24,23,24,0,6,6,15,13,8,0,1,3,9,10,16
2019_2,1000315,103,50,53,0,13,15,29,33,13,0,3,4,13,23,7,0,10,11,16,10,6
2019_2,1000314,86,53,33,0,12,18,23,18,15,0,6,9,10,13,15,0,6,9,13,5,0
2019_2,1000313,359,266,93,3,50,136,98,50,22,0,19,106,80,41,20,3,31,30,18,9,2
2019_2,1000312,943,668,275,1,33,48,129,155,577,0,20,34,69,97,448,1,13,14,60,58,129
2019_2,1000311,57,25,32,0,2,14,22,12,7,0,1,4,9,6,5,0,1,10,13,6,2
2019_2,1000310,141,96,45,0,10,21,33,38,39,0,7,11,20,24,34,0,3,10,13,14,5
2019_2,1000309,196,85,111,0,27,36,36,56,41,0,13,21,17,16,18,0,14,15,19,40,23
2019_2,1000308,345,284,61,0,14,41,94,122,74,0,2,32,79,107,64,0,12,9,15,15,10
2019_2,1000307,8,4,4,0,1,0,1,2,4,0,0,0,0,1,3,0,1,0,1,1,1
2019_2,1000306,576,353,223,15,212,117,97,82,53,7,110,73,64,57,42,8,102,44,33,25,11
2019_2,1000305,3833,3171,662,0,354,1446,713,841,479,0,239,1278,653,700,301,0,115,168,60,141,178
2019_2,1000304,411,209,202,0,32,116,151,90,22,0,12,45,75,65,12,0,20,71,76,25,10
2019_2,1000303,75,18,57,0,20,13,21,10,11,0,0,3,6,3,6,0,20,10,15,7,5
2019_2,1000302,558,351,207,3,80,142,136,136,61,1,39,79,84,100,48,2,41,63,52,36,13
2019_2,1000301,2396,1433,963,2,236,720,670,662,106,1,99,334,410,507,82,1,137,386,260,155,24
2019_2,1000300,175,69,106,1,17,37,38,46,36,1,6,17,13,20,12,0,11,20,25,26,24
2019_2,1000299,1372,1139,233,5,182,415,348,253,169,4,128,372,303,226,106,1,54,43,45,27,63
2019_2,1000298,114,51,63,1,11,17,35,30,20,1,1,12,15,11,11,0,10,5,20,19,9
2019_2,1000297,277,137,140,1,54,72,72,52,26,0,28,49,35,18,7,1,26,23,37,34,19
2019_2,1000296,397,188,209,8,88,81,94,97,29,4,38,38,46,42,20,4,50,43,48,55,9
2019_2,1000295,78,16,62,1,21,13,18,16,9,0,2,1,6,4,3,1,19,12,12,12,6
2019_2,1000294,222,156,66,3,23,43,55,45,53,2,9,33,38,34,40,1,14,10,17,11,13
2019_2,1000293,72,36,36,0,5,18,18,16,15,0,4,9,9,10,4,0,1,9,9,6,11
2019_2,1000292,1559,1001,558,1,134,404,500,372,148,1,51,202,331,281,135,0,83,202,169,91,13
2019_2,1000291,190,100,90,1,26,32,51,53,27,0,11,20,27,25,17,1,15,12,24,28,10
2019_2,1000290,188,88,100,4,62,37,27,25,33,0,24,20,13,13,18,4,38,17,14,12,15
2019_2,1000289,116,70,46,1,24,30,26,30,5,1,8,21,16,20,4,0,16,9,10,10,1
2019_2,1000288,662,406,256,2,46,79,115,134,286,1,15,40,43,55,252,1,31,39,72,79,34
2019_2,1000287,600,364,236,1,161,158,147,91,42,0,75,94,102,63,30,1,86,64,45,28,12
2019_2,1000286,122,52,70,1,18,29,34,24,16,1,3,12,15,9,12,0,15,17,19,15,4
2019_2,1000285,579,427,152,1,36,76,123,175,168,1,16,48,82,136,144,0,20,28,41,39,24
2019_2,1000284,489,221,268,1,36,68,114,140,130,0,13,33,45,61,69,1,23,35,69,79,61
2019_2,1000283,61,45,16,0,3,17,24,11,6,0,3,14,15,9,4,0,0,3,9,2,2
2019_2,1000282,212,119,93,0,37,55,54,39,27,0,19,25,33,21,21,0,18,30,21,18,6
2019_2,1000281,184,88,96,0,27,47,54,36,20,0,6,25,28,16,13,0,21,22,26,20,7
2019_2,1000280,110,59,51,0,14,17,19,24,36,0,12,12,14,15,6,0,2,5,5,9,30
2019_2,1000279,35,14,21,0,2,3,8,15,7,0,1,2,5,5,1,0,1,1,3,10,6
2019_2,1000278,182,104,78,0,12,36,55,46,33,0,6,16,26,32,24,0,6,20,29,14,9
2019_2,1000277,300,142,158,1,39,75,73,66,46,0,8,44,32,35,23,1,31,31,41,31,23
2019_2,1000276,318,191,127,0,48,93,68,61,48,0,24,65,47,34,21,0,24,28,21,27,27
2019_2,1000275,109,47,62,0,13,24,29,26,17,0,1,8,12,13,13,0,12,16,17,13,4
2019_2,1000274,1236,766,470,0,58,104,132,153,789,0,14,47,85,74,546,0,44,57,47,79,243
2019_2,1000273,228,128,100,0,25,43,55,52,53,0,8,18,29,29,44,0,17,25,26,23,9
2019_2,1000272,46,21,25,0,2,15,11,11,7,0,1,4,5,6,5,0,1,11,6,5,2
2019_2,1000271,73,25,48,1,11,13,15,23,10,1,2,4,5,8,5,0,9,9,10,15,5
2019_2,1000270,305,140,165,2,141,70,34,29,29,0,38,36,20,25,21,2,103,34,14,4,8
2019_2,1000269,204,142,62,5,10,26,39,58,66,5,4,11,21,40,61,0,6,15,18,18,5
2019_2,1000268,603,289,314,0,92,121,136,123,131,0,41,60,65,62,61,0,51,61,71,61,70
2019_2,1000267,96,61,35,0,10,18,28,25,15,0,6,9,17,19,10,0,4,9,11,6,5
2019_2,1000266,55,20,35,0,5,12,12,20,6,0,3,3,3,8,3,0,2,9,9,12,3
2019_2,1000265,247,127,120,0,30,29,62,73,53,0,5,15,32,35,40,0,25,14,30,38,13
2019_2,1000264,147,96,51,0,28,31,36,26,26,0,16,21,25,17,17,0,12,10,11,9,9
2019_2,1000263,74,41,33,0,8,19,20,19,8,0,1,11,14,10,5,0,7,8,6,9,3
2019_2,1000262,51,34,17,0,3,12,9,14,13,0,2,7,6,8,11,0,1,5,3,6,2
2019_2,1000261,15,6,9,0,1,2,5,3,4,0,0,0,1,2,3,0,1,2,4,1,1
2019_2,1000260,235,116,119,0,20,51,93,48,23,0,8,23,39,31,15,0,12,28,54,17,8
2019_2,1000259,91,63,28,0,6,13,24,25,23,0,5,9,19,16,14,0,1,4,5,9,9
2019_2,1000258,173,107,66,1,18,30,46,43,35,0,8,20,24,30,25,1,10,10,22,13,10
2019_2,1000257,115,62,53,0,10,19,26,34,26,0,4,8,13,20,17,0,6,11,13,14,9
2019_2,1000256,135,54,81,0,35,25,29,28,18,0,6,11,13,13,11,0,29,14,16,15,7
2019_2,1000255,280,114,166,0,44,63,82,75,16,0,16,24,29,32,13,0,28,39,53,43,3
2019_2,1000254,94,35,59,0,18,12,21,31,12,0,3,5,10,12,5,0,15,7,11,19,7
2019_2,1000253,223,84,139,0,15,62,68,43,35,0,7,18,32,19,8,0,8,44,36,24,27
2019_2,1000252,601,309,292,1,58,97,113,195,137,0,21,54,58,94,82,1,37,43,55,101,55
2019_2,1000251,129,42,87,0,16,18,34,37,24,0,6,6,15,8,7,0,10,12,19,29,17
2019_2,1000250,150,33,117,0,16,34,31,35,34,0,3,6,7,5,12,0,13,28,24,30,22
2019_2,1000249,142,52,90,0,29,28,38,24,23,0,7,7,19,7,12,0,22,21,19,17,11
2019_2,1000248,108,52,56,0,6,24,32,21,25,0,1,8,11,13,19,0,5,16,21,8,6
2019_2,1000247,141,63,78,0,9,15,32,44,41,0,7,8,21,16,11,0,2,7,11,28,30
2019_2,1000246,473,308,165,0,41,150,166,89,27,0,19,98,108,65,18,0,22,52,58,24,9
2019_2,1000245,116,70,46,0,14,24,32,30,16,0,5,18,16,20,11,0,9,6,16,10,5
2019_2,1000244,842,541,301,0,82,123,158,227,252,0,29,64,89,163,196,0,53,59,69,64,56
2019_2,1000243,170,95,75,0,11,40,55,48,16,0,1,19,31,33,11,0,10,21,24,15,5
2019_2,1000242,37,22,15,0,3,6,11,8,9,0,2,2,6,6,6,0,1,4,5,2,3
2019_2,1000241,37,24,13,0,1,4,17,9,6,0,0,2,11,6,5,0,1,2,6,3,1
2019_2,1000240,39,28,11,0,4,2,9,20,4,0,2,2,7,14,3,0,2,0,2,6,1
2019_2,1000239,183,92,91,0,16,41,60,49,17,0,2,21,38,20,11,0,14,20,22,29,6
2019_2,1000238,137,88,49,0,12,20,38,34,33,0,2,14,28,19,25,0,10,6,10,15,8
2019_2,1000237,504,286,218,0,62,105,84,163,90,0,19,60,46,105,56,0,43,45,38,58,34
2019_2,1000236,853,741,112,0,146,264,195,228,20,0,114,227,169,213,18,0,32,37,26,15,2
2019_2,1000235,321,175,146,0,34,65,101,80,41,0,15,34,53,43,30,0,19,31,48,37,11
2019_2,1000234,92,61,31,0,8,15,26,32,11,0,2,11,14,25,9,0,6,4,12,7,2
2019_2,1000233,215,99,116,0,33,44,52,57,29,0,10,18,22,26,23,0,23,26,30,31,6
2019_2,1000232,167,121,46,0,17,35,52,42,21,0,7,26,39,31,18,0,10,9,13,11,3
2019_2,1000231,153,83,70,0,21,33,36,29,34,0,13,18,17,14,21,0,8,15,19,15,13
2019_2,1000230,318,172,146,0,40,71,77,75,55,0,18,29,45,44,36,0,22,42,32,31,19
2019_2,1000229,120,50,70,1,10,22,29,40,18,1,3,6,12,20,8,0,7,16,17,20,10
2019_2,1000228,331,252,79,0,37,28,47,106,113,0,12,15,27,93,105,0,25,13,20,13,8
2019_2,1000227,59,32,27,0,11,12,18,14,4,0,1,5,12,10,4,0,10,7,6,4,0
2019_2,1000226,398,236,162,3,69,106,94,82,44,2,36,79,45,38,36,1,33,27,49,44,8
2019_2,1000225,139,75,64,0,9,23,23,46,38,0,8,13,11,22,21,0,1,10,12,24,17
2019_2,1000224,113,67,46,0,9,17,29,32,26,0,7,14,10,18,18,0,2,3,19,14,8
2019_2,1000223,171,72,99,0,25,29,35,47,35,0,4,15,17,21,15,0,21,14,18,26,20
2019_2,1000222,160,91,69,0,29,27,39,38,27,0,15,11,23,23,19,0,14,16,16,15,8
2019_2,1000221,135,64,71,0,19,36,26,30,24,0,5,15,16,13,15,0,14,21,10,17,9
2019_2,1000220,95,47,48,0,26,22,20,15,12,0,8,11,10,10,8,0,18,11,10,5,4
2019_2,1000219,181,136,45,0,23,60,65,25,8,0,11,54,49,14,8,0,12,6,16,11,0
2019_2,1000218,119,47,72,0,6,19,26,36,32,0,3,6,10,16,12,0,3,13,16,20,20
2019_2,1000217,240,97,143,0,19,67,73,63,18,0,6,34,23,24,10,0,13,33,50,39,8
2019_2,1000216,101,66,35,0,13,15,23,34,16,0,8,11,11,22,14,0,5,4,12,12,2
2019_2,1000215,208,74,134,0,12,22,75,80,19,0,10,12,26,17,9,0,2,10,49,63,10
2019_2,1000214,781,497,284,4,99,165,180,205,128,4,61,110,123,117,82,0,38,55,57,88,46
2019_2,1000213,527,429,98,0,39,48,101,145,194,0,20,34,72,122,181,0,19,14,29,23,13
2019_2,1000212,207,132,75,0,25,33,55,58,36,0,12,21,36,35,28,0,13,12,19,23,8
2019_2,1000211,61,47,14,0,3,15,26,11,6,0,2,12,21,8,4,0,1,3,5,3,2
2019_2,1000210,2981,2142,839,11,538,917,738,483,294,5,356,667,546,352,216,6,182,250,192,131,78
2019_2,1000209,96,53,43,0,12,24,22,22,16,0,3,13,15,11,11,0,9,11,7,11,5
2019_2,1000208,82,34,48,0,20,16,22,17,7,0,5,7,10,8,4,0,15,9,12,9,3
2019_2,1000207,63,51,12,0,2,9,22,17,13,0,2,8,15,15,11,0,0,1,7,2,2
2019_2,1000206,93,53,40,0,7,25,37,13,11,0,4,18,23,5,3,0,3,7,14,8,8
2019_2,1000205,356,277,79,0,17,66,87,81,105,0,13,55,55,61,93,0,4,11,32,20,12
2019_2,1000204,184,131,53,0,21,32,41,60,30,0,13,22,28,43,25,0,8,10,13,17,5
2019_2,1000203,557,400,157,0,61,92,168,173,63,0,44,57,123,132,44,0,17,35,45,41,19
2019_2,1000202,394,240,154,0,66,48,67,116,97,0,20,22,33,80,85,0,46,26,34,36,12
2019_2,1000201,419,227,192,0,52,97,94,101,75,0,23,55,60,38,51,0,29,42,34,63,24
2019_2,1000200,221,120,101,1,50,60,49,26,35,1,20,35,28,15,21,0,30,25,21,11,14
2019_2,1000199,190,93,97,0,28,33,30,41,58,0,18,28,16,10,21,0,10,5,14,31,37
2019_2,1000198,2391,1660,731,14,508,633,571,460,205,11,352,448,373,321,155,3,156,185,198,139,50
2019_2,1000197,290,169,121,0,9,33,65,116,67,0,6,27,42,54,40,0,3,6,23,62,27
2019_2,1000196,314,217,97,8,56,85,67,65,33,8,41,63,42,39,24,0,15,22,25,26,9
2019_2,1000195,204,127,77,0,25,56,54,41,28,0,10,30,37,26,24,0,15,26,17,15,4
2019_2,1000194,62,39,23,0,6,9,19,20,8,0,5,6,11,12,5,0,1,3,8,8,3
2019_2,1000193,581,225,356,0,123,149,130,117,62,0,17,55,54,55,44,0,106,94,76,62,18
2019_2,1000192,78,33,45,0,1,1,19,40,17,0,0,0,10,12,11,0,1,1,9,28,6
2019_2,1000191,51,28,23,0,2,7,13,18,11,0,1,1,7,12,7,0,1,6,6,6,4
2019_2,1000190,106,73,33,0,8,29,32,25,12,0,3,19,24,19,8,0,5,10,8,6,4
2019_2,1000189,380,244,136,3,71,83,76,90,57,3,47,58,42,55,39,0,24,25,34,35,18
2019_2,1000188,431,311,120,1,15,38,54,57,266,1,7,25,26,32,220,0,8,13,28,25,46
2019_2,1000187,20,9,11,0,1,7,2,6,4,0,0,4,1,4,0,0,1,3,1,2,4
2019_2,1000186,283,192,91,0,17,29,43,35,159,0,8,24,28,22,110,0,9,5,15,13,49
2019_2,1000185,109,47,62,0,14,18,38,29,10,0,2,6,18,14,7,0,12,12,20,15,3
2019_2,1000184,206,72,134,0,12,43,50,59,42,0,1,15,17,14,25,0,11,28,33,45,17
2019_2,1000183,296,172,124,2,32,46,68,73,75,1,10,25,38,45,53,1,22,21,30,28,22
2019_2,1000182,700,430,270,0,89,241,208,103,59,0,33,118,162,72,45,0,56,123,46,31,14
2019_2,1000181,131,89,42,0,12,13,22,41,43,0,8,9,12,26,34,0,4,4,10,15,9
2019_2,1000180,232,79,153,0,41,65,74,41,11,0,11,18,25,20,5,0,30,47,49,21,6
2019_2,1000179,101,72,29,0,10,20,27,33,11,0,8,12,16,27,9,0,2,8,11,6,2
2019_2,1000178,95,36,59,0,12,15,30,28,10,0,4,8,15,5,4,0,8,7,15,23,6
2019_2,1000177,487,280,207,0,70,95,95,122,105,0,25,59,53,71,72,0,45,36,42,51,33
2019_2,1000176,429,199,230,0,38,90,83,120,98,0,14,41,51,44,49,0,24,49,32,76,49
2019_2,1000175,137,88,49,1,14,17,44,42,19,0,6,5,29,32,16,1,8,12,15,10,3
2019_2,1000174,1756,1034,722,5,1360,314,47,21,9,3,751,224,37,12,7,2,609,90,10,9,2
2019_2,1000173,354,216,138,3,31,44,62,85,129,3,18,28,40,55,72,0,13,16,22,30,57
2019_2,1000172,90,47,43,0,4,11,26,32,17,0,1,6,16,16,8,0,3,5,10,16,9
2019_2,1000171,57,32,25,0,6,9,22,11,9,0,3,6,12,6,5,0,3,3,10,5,4
2019_2,1000170,5259,2277,2982,3,288,1236,1890,1532,310,0,139,780,755,465,138,3,149,456,1135,1067,172
2019_2,1000169,36,12,24,0,3,7,6,10,10,0,0,2,0,6,4,0,3,5,6,4,6
2019_2,1000168,20,9,11,0,1,1,7,6,5,0,0,0,3,2,4,0,1,1,4,4,1
2019_2,1000167,376,233,143,0,54,58,84,91,89,0,35,42,52,44,60,0,19,16,32,47,29
2019_2,1000166,566,273,293,0,45,89,135,183,114,0,17,47,53,82,74,0,28,42,82,101,40
2019_2,1000165,1000,525,475,0,176,183,251,220,170,0,107,111,134,93,80,0,69,72,117,127,90
2019_2,1000164,254,148,106,0,21,29,68,85,51,0,13,17,38,50,30,0,8,12,30,35,21
2019_2,1000163,222,137,85,1,23,42,73,46,37,1,15,31,35,27,28,0,8,11,38,19,9
2019_2,1000162,246,143,103,0,32,52,67,48,47,0,12,22,37,35,37,0,20,30,30,13,10
2019_2,1000161,449,177,272,1,64,79,160,112,33,0,18,43,59,42,15,1,46,36,101,70,18
2019_2,1000160,173,97,76,1,15,39,46,42,30,1,6,21,27,20,22,0,9,18,19,22,8
2019_2,1000159,81,42,39,0,11,17,20,16,17,0,2,9,9,10,12,0,9,8,11,6,5
2019_2,1000158,705,274,431,0,197,141,140,133,94,0,48,49,62,65,50,0,149,92,78,68,44
2019_2,1000157,564,432,132,0,91,154,137,102,80,0,70,115,98,77,72,0,21,39,39,25,8
2019_2,1000156,364,223,141,0,34,58,97,99,76,0,12,33,59,67,52,0,22,25,38,32,24
2019_2,1000155,660,474,186,5,99,204,181,96,75,4,65,153,127,68,57,1,34,51,54,28,18
2019_2,1000154,525,358,167,1,51,125,166,122,60,1,28,81,103,94,51,0,23,44,63,28,9
2019_2,1000153,322,204,118,0,51,94,82,52,43,0,22,57,60,34,31,0,29,37,22,18,12
2019_2,1000152,475,130,345,1,60,132,163,86,33,1,6,35,40,32,16,0,54,97,123,54,17
2019_2,1000151,465,253,212,5,104,79,83,93,101,1,55,46,45,44,62,4,49,33,38,49,39
2019_2,1000150,194,104,90,0,22,37,60,35,40,0,8,19,29,18,30,0,14,18,31,17,10
2019_2,1000149,306,169,137,1,46,48,88,75,48,0,16,28,41,47,37,1,30,20,47,28,11
2019_2,1000148,389,185,204,0,56,106,82,91,54,0,18,51,39,43,34,0,38,55,43,48,20
2019_2,1000147,981,835,146,4,329,256,208,110,74,3,292,227,164,85,64,1,37,29,44,25,10
2019_2,1000146,243,144,99,3,30,57,64,52,37,2,20,30,36,29,27,1,10,27,28,23,10
2019_2,1000145,119,74,45,0,9,14,34,25,37,0,3,8,18,13,32,0,6,6,16,12,5
2019_2,1000144,219,155,64,3,23,25,47,69,52,2,14,16,28,51,44,1,9,9,19,18,8
2019_2,1000143,62,50,12,0,1,0,12,16,33,0,1,0,11,12,26,0,0,0,1,4,7
2019_2,1000142,116,58,58,0,11,17,29,38,21,0,3,9,13,22,11,0,8,8,16,16,10
2019_2,1000141,963,843,120,0,109,252,313,252,37,0,92,219,273,232,27,0,17,33,40,20,10
2019_2,1000140,70,45,25,0,3,15,14,24,14,0,0,8,11,17,9,0,3,7,3,7,5
2019_2,1000139,1054,699,355,4,135,196,248,234,237,1,69,141,162,149,177,3,66,55,86,85,60
2019_2,1000138,170,99,71,0,47,32,38,29,24,0,22,20,18,18,21,0,25,12,20,11,3
2019_2,1000137,233,114,119,2,41,59,56,60,15,2,16,32,28,25,11,0,25,27,28,35,4
2019_2,1000136,79,25,54,0,13,19,25,16,6,0,0,6,7,9,3,0,13,13,18,7,3
2019_2,1000135,954,608,346,0,131,264,215,163,181,0,52,139,144,120,153,0,79,125,71,43,28
2019_2,1000134,563,443,120,1,37,66,119,176,164,0,17,42,87,147,150,1,20,24,32,29,14
2019_2,1000133,242,121,121,0,15,35,69,62,61,0,6,18,36,31,30,0,9,17,33,31,31
2019_2,1000132,656,440,216,3,125,146,140,109,133,1,67,106,102,73,91,2,58,40,38,36,42
2019_2,1000131,305,185,120,1,48,69,68,77,42,1,24,46,40,42,32,0,24,23,28,35,10
2019_2,1000130,72,31,41,0,8,21,25,12,6,0,0,11,10,5,5,0,8,10,15,7,1
2019_2,1000129,428,176,252,2,54,112,109,110,41,2,17,48,45,32,32,0,37,64,64,78,9
2019_2,1000128,32,21,11,0,6,6,10,6,4,0,4,4,7,3,3,0,2,2,3,3,1
2019_2,1000127,55,18,37,0,6,11,13,17,8,0,2,4,6,3,3,0,4,7,7,14,5
2019_2,1000126,348,165,183,0,59,83,108,69,29,0,23,44,57,21,20,0,36,39,51,48,9
2019_2,1000125,2979,1079,1900,1,787,1037,683,345,126,1,163,322,313,185,95,0,624,715,370,160,31
2019_2,1000124,972,621,351,0,126,221,196,199,230,0,66,133,130,129,163,0,60,88,66,70,67
2019_2,1000123,118,56,62,0,14,31,35,25,13,0,1,15,19,11,10,0,13,16,16,14,3
2019_2,1000122,344,121,223,18,141,50,68,47,20,2,44,23,25,15,12,16,97,27,43,32,8
2019_2,1000121,548,346,202,0,83,185,148,81,51,0,39,107,107,54,39,0,44,78,41,27,12
2019_2,1000120,753,483,270,1,87,172,173,219,101,0,40,116,104,149,74,1,47,56,69,70,27
2019_2,1000119,243,104,139,0,30,67,66,45,35,0,7,23,25,23,26,0,23,44,41,22,9
2019_2,1000118,1414,738,676,5,198,260,243,336,372,0,48,140,144,198,208,5,150,120,99,138,164
2019_2,1000117,132,62,70,0,23,27,27,26,29,0,7,14,12,12,17,0,16,13,15,14,12
2019_2,1000116,1050,758,292,1,113,163,240,259,274,0,54,107,152,209,236,1,59,56,88,50,38
2019_2,1000115,1961,1073,888,4,293,488,476,347,353,1,146,267,289,194,176,3,147,221,187,153,177
2019_2,1000114,3698,2616,1082,20,637,994,1008,620,419,5,362,710,751,438,350,15,275,284,257,182,69
2019_2,1000113,3847,2751,1096,28,465,1077,1016,743,518,27,284,748,761,528,403,1,181,329,255,215,115
2019_2,1000112,443,269,174,0,70,117,116,78,62,0,32,89,60,35,53,0,38,28,56,43,9
2019_2,1000111,127,44,83,0,23,23,39,31,11,0,3,8,15,11,7,0,20,15,24,20,4
2019_2,1000110,1732,1101,631,5,275,364,379,350,359,4,102,200,269,248,278,1,173,164,110,102,81
2019_2,1000109,1947,1198,749,1,314,578,504,293,257,0,159,367,348,188,136,1,155,211,156,105,121
2019_2,1000108,3060,2001,1059,15,449,754,793,680,369,14,238,513,540,448,248,1,211,241,253,232,121
2019_2,1000107,266,180,86,0,29,30,67,100,40,0,21,19,42,68,30,0,8,11,25,32,10
2019_2,1000106,452,287,165,2,55,108,106,109,72,2,34,76,68,68,39,0,21,32,38,41,33
2019_2,1000105,447,274,173,4,89,112,124,74,44,4,48,71,68,43,40,0,41,41,56,31,4
2019_2,1000104,2490,1650,840,5,379,607,511,490,498,4,240,430,330,300,346,1,139,177,181,190,152
2019_2,1000103,339,197,142,0,83,109,75,39,33,0,37,69,43,21,27,0,46,40,32,18,6
2019_2,1000102,107,57,50,0,18,41,22,19,7,0,7,18,17,9,6,0,11,23,5,10,1
2019_2,1000101,45,22,23,0,8,10,11,12,4,0,3,5,3,8,3,0,5,5,8,4,1
2019_2,1000100,202,89,113,0,25,56,47,46,28,0,6,20,21,20,22,0,19,36,26,26,6
2019_2,1000099,771,332,439,1,322,175,117,107,49,0,90,87,76,53,26,1,232,88,41,54,23
2019_2,1000098,200,148,52,0,19,25,33,48,75,0,8,15,21,36,68,0,11,10,12,12,7
2019_2,1000097,67,39,28,0,10,14,13,17,13,0,4,7,6,11,11,0,6,7,7,6,2
2019_2,1000096,79,53,26,1,23,18,21,10,6,1,15,13,16,6,2,0,8,5,5,4,4
2019_2,1000095,168,103,65,0,21,31,36,52,28,0,6,17,18,41,21,0,15,14,18,11,7
2019_2,1000094,477,278,199,0,47,90,125,127,88,0,30,62,67,69,50,0,17,28,58,58,38
2019_2,1000093,213,109,104,1,38,53,47,46,28,0,21,24,22,22,20,1,17,29,25,24,8
2019_2,1000092,1930,1347,583,6,339,640,486,294,165,5,202,444,354,209,133,1,137,196,132,85,32
2019_2,1000091,450,282,168,2,42,86,128,125,67,0,25,48,65,86,58,2,17,38,63,39,9
2019_2,1000090,167,88,79,0,24,38,42,38,25,0,6,19,22,24,17,0,18,19,20,14,8
2019_2,1000089,89,66,23,0,6,15,32,24,12,0,3,9,25,22,7,0,3,6,7,2,5
2019_2,1000088,7561,2336,5225,9,599,1183,2256,3203,311,8,410,872,720,220,106,1,189,311,1536,2983,205
2019_2,1000087,600,312,288,4,119,154,142,116,65,4,32,82,92,58,44,0,87,72,50,58,21
2019_2,1000086,181,104,77,0,17,40,45,47,32,0,7,22,26,27,22,0,10,18,19,20,10
2019_2,1000085,1739,704,1035,3,308,781,454,166,27,0,143,380,129,36,16,3,165,401,325,130,11
2019_2,1000084,460,247,213,7,107,181,88,42,35,3,36,101,55,34,18,4,71,80,33,8,17
2019_2,1000083,173,131,42,1,29,67,50,17,9,1,22,60,29,11,8,0,7,7,21,6,1
2019_2,1000082,500,370,130,5,82,111,113,86,103,3,47,75,85,72,88,2,35,36,28,14,15
2019_2,1000081,658,436,222,3,124,118,143,169,101,1,87,81,106,102,59,2,37,37,37,67,42
2019_2,1000080,8103,2393,5710,23,2502,2894,1933,556,195,10,864,900,414,124,81,13,1638,1994,1519,432,114
2019_2,1000079,1702,976,726,2,197,482,512,304,205,2,83,243,318,187,143,0,114,239,194,117,62
2019_2,1000078,720,400,320,3,124,264,181,89,59,3,37,128,112,69,51,0,87,136,69,20,8
2019_2,1000077,8558,1934,6624,55,6291,1427,390,218,177,5,658,701,277,160,133,50,5633,726,113,58,44
2019_2,1000076,236,126,110,0,37,54,58,46,41,0,8,21,27,31,39,0,29,33,31,15,2
2019_2,1000075,781,568,213,0,64,120,175,206,216,0,30,72,134,158,174,0,34,48,41,48,42
2019_2,1000074,242,147,95,0,47,52,57,44,42,0,23,30,43,23,28,0,24,22,14,21,14
2019_2,1000073,257,126,131,0,19,61,81,49,47,0,9,32,35,20,30,0,10,29,46,29,17
2019_2,1000072,141,75,66,0,11,26,27,37,40,0,3,10,10,22,30,0,8,16,17,15,10
2019_2,1000071,889,578,311,2,262,353,174,52,46,2,144,242,123,34,33,0,118,111,51,18,13
2019_2,1000070,1061,681,380,1,147,240,246,206,221,0,60,131,176,169,145,1,87,109,70,37,76
2019_2,1000069,376,305,71,0,35,74,110,138,19,0,22,44,97,127,15,0,13,30,13,11,4
2019_2,1000068,1495,1046,449,1,244,511,337,262,140,0,149,371,237,194,95,1,95,140,100,68,45
2019_2,1000067,408,260,148,6,35,92,105,102,68,5,21,59,72,61,42,1,14,33,33,41,26
2019_2,1000066,200,123,77,0,31,37,53,49,30,0,14,26,34,26,23,0,17,11,19,23,7
2019_2,1000065,481,316,165,1,39,108,142,117,74,1,15,65,88,89,58,0,24,43,54,28,16
2019_2,1000064,302,143,159,1,71,45,56,78,51,0,12,32,32,37,30,1,59,13,24,41,21
2019_2,1000063,2002,973,1029,7,421,839,553,150,32,3,98,369,364,120,19,4,323,470,189,30,13
2019_2,1000062,533,489,44,1,38,154,161,162,17,0,23,141,155,156,14,1,15,13,6,6,3
2019_2,1000061,171,120,51,0,23,35,55,43,15,0,14,27,39,30,10,0,9,8,16,13,5
2019_2,1000060,106,39,67,0,19,32,26,18,11,0,2,13,9,8,7,0,17,19,17,10,4
2019_2,1000059,423,264,159,0,34,98,113,89,89,0,13,41,58,71,81,0,21,57,55,18,8
2019_2,1000058,533,292,241,1,60,127,173,100,72,0,26,67,96,54,49,1,34,60,77,46,23
2019_2,1000057,945,583,362,4,104,251,282,182,122,3,38,158,202,110,72,1,66,93,80,72,50
2019_2,1000056,616,340,276,12,115,141,132,152,64,2,41,67,79,103,48,10,74,74,53,49,16
2019_2,1000055,648,430,218,5,99,150,129,167,98,5,64,97,85,113,66,0,35,53,44,54,32
2019_2,1000054,53,17,36,0,7,13,7,13,13,0,1,4,1,4,7,0,6,9,6,9,6
2019_2,1000053,67,31,36,0,8,14,21,15,9,0,7,4,9,6,5,0,1,10,12,9,4
2019_2,1000052,66,39,27,1,14,18,14,10,9,1,9,12,5,5,7,0,5,6,9,5,2
2019_2,1000051,466,244,222,1,78,92,71,74,150,0,56,66,41,24,57,1,22,26,30,50,93
2019_2,1000050,123,92,31,0,18,48,39,13,5,0,10,35,30,12,5,0,8,13,9,1,0
2019_2,1000049,569,244,325,1,68,136,124,147,93,1,21,59,65,59,39,0,47,77,59,88,54
2019_2,1000048,418,196,222,0,78,99,104,76,61,0,14,35,55,50,42,0,64,64,49,26,19
2019_2,1000047,877,655,222,0,115,264,289,146,63,0,46,196,240,121,52,0,69,68,49,25,11
2019_2,1000046,1150,556,594,10,213,339,332,180,76,6,89,154,135,116,56,4,124,185,197,64,20
2019_2,1000045,919,556,363,7,185,229,183,149,166,3,84,131,107,92,139,4,101,98,76,57,27
2019_2,1000044,278,147,131,0,39,83,67,35,54,0,18,38,38,23,30,0,21,45,29,12,24
2019_2,1000043,91,71,20,0,3,11,24,37,16,0,2,4,19,35,11,0,1,7,5,2,5
2019_2,1000042,523,344,179,0,68,116,136,120,83,0,35,76,86,88,59,0,33,40,50,32,24
2019_2,1000041,3859,1945,1914,6,704,867,1058,981,243,1,297,574,523,419,131,5,407,293,535,562,112
2019_2,1000040,1704,1211,493,13,233,525,472,315,146,0,110,370,343,262,126,13,123,155,129,53,20
2019_2,1000039,7051,4474,2577,9,1137,2864,1808,976,257,4,575,1718,1237,755,185,5,562,1146,571,221,72
2019_2,1000038,273,116,157,0,41,48,58,62,64,0,22,16,26,21,31,0,19,32,32,41,33
2019_2,1000037,1860,879,981,2,227,487,521,497,126,2,79,173,228,307,90,0,148,314,293,190,36
2019_2,1000036,915,567,348,4,199,351,229,95,37,0,95,238,163,47,24,4,104,113,66,48,13
2019_2,1000035,354,239,115,0,41,87,122,77,27,0,18,55,88,60,18,0,23,32,34,17,9
2019_2,1000034,1597,859,738,2,300,402,357,350,186,0,96,211,239,221,92,2,204,191,118,129,94
2019_2,1000033,49,22,27,0,2,4,10,21,12,0,0,0,2,12,8,0,2,4,8,9,4
2019_2,1000032,492,213,279,0,104,115,125,82,66,0,26,32,58,51,46,0,78,83,67,31,20
2019_2,1000031,107,45,62,0,9,30,21,35,12,0,3,10,9,15,8,0,6,20,12,20,4
2019_2,1000030,354,218,136,0,75,86,79,68,46,0,39,57,51,39,32,0,36,29,28,29,14
2019_2,1000029,124,85,39,0,7,21,40,39,17,0,7,11,28,26,13,0,0,10,12,13,4
2019_2,1000028,310,193,117,0,45,68,75,59,63,0,19,40,53,40,41,0,26,28,22,19,22
2019_2,1000027,244,79,165,0,20,62,74,69,19,0,6,13,27,19,14,0,14,49,47,50,5
2019_2,1000026,2679,1515,1164,0,307,802,940,513,117,0,148,407,557,319,84,0,159,395,383,194,33
2019_2,1000025,7,4,3,0,1,3,1,1,1,0,0,2,1,1,0,0,1,1,0,0,1
2019_2,1000024,173,28,145,0,7,12,24,66,64,0,0,2,11,9,6,0,7,10,13,57,58
2019_2,1000023,22,6,16,0,3,2,7,9,1,0,1,0,3,2,0,0,2,2,4,7,1
2019_2,1000022,61,26,35,0,0,13,23,13,12,0,0,5,9,5,7,0,0,8,14,8,5
2019_2,1000021,134,65,69,0,26,40,25,22,21,0,4,16,14,16,15,0,22,24,11,6,6
2019_2,1000020,198,101,97,0,34,42,48,46,28,0,7,21,23,27,23,0,27,21,25,19,5
2019_2,1000019,261,151,110,0,21,35,67,91,47,0,9,14,35,66,27,0,12,21,32,25,20
2019_2,1000018,170,87,83,0,33,36,50,30,21,0,5,17,30,21,14,0,28,19,20,9,7
2019_2,1000017,1123,778,345,2,89,214,301,260,257,0,58,142,204,186,188,2,31,72,97,74,69
2019_2,1000016,507,243,264,0,41,127,191,96,52,0,18,61,75,50,39,0,23,66,116,46,13
2019_2,1000015,540,236,304,0,109,151,115,103,62,0,32,67,52,58,27,0,77,84,63,45,35
2019_2,1000014,319,204,115,2,51,94,79,58,35,0,29,60,52,36,27,2,22,34,27,22,8
2019_2,1000013,351,224,127,0,48,108,88,72,35,0,21,71,56,49,27,0,27,37,32,23,8
2019_2,1000012,85,48,37,0,10,24,15,24,12,0,5,10,10,13,10,0,5,14,5,11,2
2019_2,1000011,352,153,199,0,39,53,72,105,83,0,16,28,34,43,32,0,23,25,38,62,51
2019_2,1000010,169,91,78,2,9,24,38,30,66,2,3,10,17,19,40,0,6,14,21,11,26
2019_2,1000009,2709,2629,80,0,276,597,830,768,238,0,255,570,817,754,233,0,21,27,13,14,5
2019_2,1000008,235,118,117,0,45,71,48,37,34,0,16,27,26,24,25,0,29,44,22,13,9
2019_2,1000007,548,431,117,1,46,187,165,110,39,0,19,155,136,92,29,1,27,32,29,18,10
2019_2,1000006,501,186,315,0,177,149,82,59,34,0,35,74,33,23,21,0,142,75,49,36,13
2019_2,1000005,1686,1005,681,0,297,535,479,276,99,0,111,325,310,182,77,0,186,210,169,94,22
2019_2,1000004,42,29,13,0,4,7,12,15,4,0,2,4,11,9,3,0,2,3,1,6,1
2019_2,1000003,3804,2773,1031,6,449,1139,1178,746,286,1,223,759,946,604,240,5,226,380,232,142,46
2019_2,1000002,348,159,189,1,94,93,75,51,34,0,16,48,44,26,25,1,78,45,31,25,9
2019_2,1000001,609,224,385,0,74,196,143,134,62,0,21,69,61,39,34,0,53,127,82,95,28
2019_1,1001496,26319,15076,11243,118,7288,8801,6589,2815,708,41,2562,4762,4899,2326,486,77,4726,4039,1690,489,222
2019_1,1001495,23104,13243,9861,217,5227,5706,4787,4449,2718,96,2440,3319,2884,2803,1701,121,2787,2387,1903,1646,1017
2019_1,1001494,38037,24023,14014,113,5490,10230,10447,8748,3009,39,2569,6399,6953,6130,1933,74,2921,3831,3494,2618,1076
2019_1,1001493,20637,11058,9579,48,4320,7018,4747,2960,1544,18,1990,3723,2803,1647,877,30,2330,3295,1944,1313,667
2019_1,1001492,174313,82227,92086,916,43472,57809,42869,23136,6111,265,13774,25049,23672,15400,4067,651,29698,32760,19197,7736,2044
2019_1,1001491,8383,4582,3801,39,1986,2861,1695,1150,652,18,961,1544,988,726,345,21,1025,1317,707,424,307
2019_1,1001490,965,485,480,0,83,150,195,246,291,0,42,74,75,97,197,0,41,76,120,149,94
2019_1,1001489,1365,852,513,1,63,85,155,186,875,0,22,29,80,101,620,1,41,56,75,85,255
2019_1,1001488,48,23,25,0,3,18,15,11,1,0,1,10,7,5,0,0,2,8,8,6,1
2019_1,1001487,99,56,43,0,7,16,31,27,18,0,3,12,16,12,13,0,4,4,15,15,5
2019_1,1001486,10,5,5,0,0,1,1,5,3,0,0,0,0,3,2,0,0,1,1,2,1
2019_1,1001485,37,15,22,0,4,8,16,7,2,0,1,4,7,2,1,0,3,4,9,5,1
2019_1,1001484,96,42,54,0,9,22,33,16,16,0,4,10,12,7,9,0,5,12,21,9,7
2019_1,1001483,237,136,101,1,37,45,69,52,33,1,25,29,37,23,21,0,12,16,32,29,12
2019_1,1001482,161,101,60,0,9,21,54,52,25,0,5,14,29,38,15,0,4,7,25,14,10
2019_1,1001481,418,205,213,0,23,25,32,91,247,0,15,16,17,29,128,0,8,9,15,62,119
2019_1,1001480,575,315,260,1,70,130,156,141,77,0,38,76,91,69,41,1,32,54,65,72,36
2019_1,1001479,488,233,255,4,132,148,85,66,53,0,29,73,54,41,36,4,103,75,31,25,17
2019_1,1001478,1555,801,754,2,216,398,424,363,152,0,94,243,221,153,90,2,122,155,203,210,62
2019_1,1001477,155,77,78,1,14,24,46,43,27,1,6,11,20,21,18,0,8,13,26,22,9
2019_1,1001476,62,23,39,0,4,5,19,23,11,0,0,1,8,6,8,0,4,4,11,17,3
2019_1,1001475,237,112,125,0,36,45,58,68,30,0,12,14,27,38,21,0,24,31,31,30,9
2019_1,1001474,164,75,89,0,36,38,39,38,13,0,8,18,17,22,10,0,28,20,22,16,3
2019_1,1001473,133,66,67,1,24,23,36,28,21,1,12,10,18,13,12,0,12,13,18,15,9
2019_1,1001472,164,103,61,0,47,58,31,20,8,0,24,40,19,14,6,0,23,18,12,6,2
2019_1,1001471,532,308,224,1,75,177,135,95,49,1,43,115,74,48,27,0,32,62,61,47,22
2019_1,1001470,81,38,43,1,8,12,20,25,15,0,6,9,11,9,3,1,2,3,9,16,12
2019_1,1001469,135,73,62,2,19,19,46,24,25,1,10,13,23,10,16,1,9,6,23,14,9
2019_1,1001468,47,30,17,0,7,7,12,13,8,0,4,6,6,8,6,0,3,1,6,5,2
2019_1,1001467,55,33,22,0,2,7,20,22,4,0,2,6,14,10,1,0,0,1,6,12,3
2019_1,1001466,112,34,78,0,24,23,29,22,14,0,3,8,11,6,6,0,21,15,18,16,8
2019_1,1001465,36,18,18,0,3,7,14,8,4,0,2,5,7,3,1,0,1,2,7,5,3
2019_1,1001464,16,7,9,0,0,2,2,7,5,0,0,2,1,2,2,0,0,0,1,5,3
2019_1,1001463,65,40,25,1,2,6,14,16,26,0,1,3,9,9,18,1,1,3,5,7,8
2019_1,1001462,67,33,34,4,5,9,15,18,16,1,1,4,8,9,10,3,4,5,7,9,6
2019_1,1001461,48,29,19,0,1,11,11,17,8,0,1,8,8,4,8,0,0,3,3,13,0
2019_1,1001460,126,60,66,0,19,28,25,29,25,0,6,14,10,11,19,0,13,14,15,18,6
2019_1,1001459,145,39,106,0,11,10,30,52,42,0,4,5,7,13,10,0,7,5,23,39,32
2019_1,1001458,306,114,192,4,47,60,87,67,41,1,5,20,37,29,22,3,42,40,50,38,19
2019_1,1001457,150,60,90,0,18,19,36,32,45,0,6,9,19,14,12,0,12,10,17,18,33
2019_1,1001456,65,31,34,0,7,13,16,19,10,0,6,7,7,8,3,0,1,6,9,11,7
2019_1,1001455,109,50,59,0,5,11,28,41,24,0,2,5,14,13,16,0,3,6,14,28,8
2019_1,1001454,31,15,16,0,3,7,10,11,0,0,1,7,3,4,0,0,2,0,7,7,0
2019_1,1001453,95,69,26,0,44,21,14,11,5,0,32,17,11,5,4,0,12,4,3,6,1
2019_1,1001452,288,98,190,0,46,39,64,66,73,0,14,18,28,20,18,0,32,21,36,46,55
2019_1,1001451,194,65,129,0,40,45,34,33,42,0,8,12,19,10,16,0,32,33,15,23,26
2019_1,1001450,261,109,152,0,53,71,72,37,28,0,12,31,29,20,17,0,41,40,43,17,11
2019_1,1001449,404,183,221,4,71,80,110,81,58,1,17,45,48,37,35,3,54,35,62,44,23
2019_1,1001448,204,84,120,0,32,34,56,50,32,0,7,17,25,20,15,0,25,17,31,30,17
2019_1,1001447,93,34,59,0,14,12,25,25,17,0,5,6,9,5,9,0,9,6,16,20,8
2019_1,1001446,238,99,139,8,46,48,53,53,30,4,18,18,23,19,17,4,28,30,30,34,13
2019_1,1001445,117,25,92,0,24,28,25,31,9,0,7,8,0,5,5,0,17,20,25,26,4
2019_1,1001444,309,187,122,0,40,62,81,66,60,0,19,29,53,45,41,0,21,33,28,21,19
2019_1,1001443,20,9,11,1,2,5,5,2,5,0,0,2,4,0,3,1,2,3,1,2,2
2019_1,1001442,26,10,16,0,1,5,7,9,4,0,0,1,3,4,2,0,1,4,4,5,2
2019_1,1001441,64,33,31,0,7,15,14,18,10,0,4,8,9,7,5,0,3,7,5,11,5
2019_1,1001440,304,156,148,7,38,64,62,71,62,4,25,48,39,25,15,3,13,16,23,46,47
2019_1,1001439,20,13,7,0,2,8,3,3,4,0,2,4,3,2,2,0,0,4,0,1,2
2019_1,1001438,37,29,8,0,0,5,6,20,6,0,0,4,5,15,5,0,0,1,1,5,1
2019_1,1001437,27,16,11,0,1,4,8,9,5,0,1,4,4,4,3,0,0,0,4,5,2
2019_1,1001436,173,92,81,0,22,37,54,45,15,0,15,19,29,17,12,0,7,18,25,28,3
2019_1,1001435,40,22,18,0,1,6,19,11,3,0,0,5,10,4,3,0,1,1,9,7,0
2019_1,1001433,222,151,71,1,26,56,54,53,32,0,11,36,39,40,25,1,15,20,15,13,7
2019_1,1001432,44,29,15,0,3,11,15,11,4,0,2,9,10,6,2,0,1,2,5,5,2
2019_1,1001431,185,118,67,5,50,46,42,24,18,3,29,35,28,16,7,2,21,11,14,8,11
2019_1,1001430,4220,1995,2225,94,986,1085,956,673,426,33,384,524,463,337,254,61,602,561,493,336,172
2019_1,1001429,100,34,66,0,11,20,23,24,22,0,3,7,7,7,10,0,8,13,16,17,12
2019_1,1001428,20,8,12,1,3,3,3,10,0,0,0,3,1,4,0,1,3,0,2,6,0
2019_1,1001427,239,80,159,0,34,58,53,61,33,0,8,22,15,18,17,0,26,36,38,43,16
2019_1,1001426,77,34,43,0,9,16,21,21,10,0,3,8,10,8,5,0,6,8,11,13,5
2019_1,1001424,167,73,94,0,10,23,50,63,21,0,4,8,22,26,13,0,6,15,28,37,8
2019_1,1001423,929,673,256,5,108,184,220,220,192,5,82,143,168,141,134,0,26,41,52,79,58
2019_1,1001422,134,42,92,0,22,26,41,28,17,0,4,4,12,12,10,0,18,22,29,16,7
2019_1,1001421,32,16,16,0,1,4,12,8,7,0,1,3,5,4,3,0,0,1,7,4,4
2019_1,1001420,162,61,101,0,12,28,55,46,21,0,0,10,14,22,15,0,12,18,41,24,6
2019_1,1001419,26,17,9,0,1,9,2,8,6,0,0,7,1,4,5,0,1,2,1,4,1
2019_1,1001418,438,225,213,3,41,86,134,98,76,2,20,51,58,44,50,1,21,35,76,54,26
2019_1,1001417,16,5,11,0,1,0,3,6,6,0,1,0,0,2,2,0,0,0,3,4,4
2019_1,1001416,20,13,7,0,2,3,5,5,5,0,0,3,2,4,4,0,2,0,3,1,1
2019_1,1001415,490,251,239,0,37,65,116,138,134,0,24,46,69,50,62,0,13,19,47,88,72
2019_1,1001414,320,123,197,3,77,75,73,59,33,0,16,32,32,21,22,3,61,43,41,38,11
2019_1,1001413,510,129,381,2,74,67,111,162,94,2,22,23,37,20,25,0,52,44,74,142,69
2019_1,1001412,158,66,92,0,16,27,35,43,37,0,6,18,15,15,12,0,10,9,20,28,25
2019_1,1001411,253,109,144,0,23,50,83,66,31,0,7,23,34,27,18,0,16,27,49,39,13
2019_1,1001410,27,19,8,0,1,2,4,11,9,0,0,2,2,6,9,0,1,0,2,5,0
2019_1,1001409,91,31,60,1,7,17,25,23,18,0,0,5,9,7,10,1,7,12,16,16,8
2019_1,1001408,217,92,125,1,37,54,50,50,25,1,14,22,24,21,10,0,23,32,26,29,15
2019_1,1001407,10,6,4,0,0,1,4,3,2,0,0,1,1,2,2,0,0,0,3,1,0
2019_1,1001406,300,178,122,1,27,54,74,73,71,0,12,30,38,47,51,1,15,24,36,26,20
2019_1,1001405,19,8,11,0,0,2,2,5,10,0,0,1,1,3,3,0,0,1,1,2,7
2019_1,1001404,71,22,49,0,6,10,21,16,18,0,1,5,6,4,6,0,5,5,15,12,12
2019_1,1001403,123,49,74,0,12,19,44,28,20,0,2,7,14,15,11,0,10,12,30,13,9
2019_1,1001402,331,176,155,1,52,70,89,75,44,1,20,42,50,31,32,0,32,28,39,44,12
2019_1,1001401,13,9,4,0,1,1,3,2,6,0,1,1,2,1,4,0,0,0,1,1,2
2019_1,1001400,7,6,1,0,1,0,4,0,2,0,1,0,4,0,1,0,0,0,0,0,1
2019_1,1001399,170,54,116,1,7,17,42,45,58,0,6,11,18,9,10,1,1,6,24,36,48
2019_1,1001398,49,30,19,0,1,7,23,14,4,0,1,5,13,9,2,0,0,2,10,5,2
2019_1,1001397,173,72,101,0,13,26,41,45,48,0,5,14,15,16,22,0,8,12,26,29,26
2019_1,1001396,80,21,59,0,12,15,19,23,11,0,2,1,2,8,8,0,10,14,17,15,3
2019_1,1001395,615,306,309,0,100,156,160,129,70,0,48,91,76,50,41,0,52,65,84,79,29
2019_1,1001394,263,94,169,0,30,66,79,57,31,0,9,26,26,21,12,0,21,40,53,36,19
2019_1,1001393,795,518,277,1,31,72,159,266,266,1,23,50,103,159,182,0,8,22,56,107,84
2019_1,1001392,50,23,27,0,10,10,11,7,12,0,2,8,3,3,7,0,8,2,8,4,5
2019_1,1001391,267,156,111,0,47,84,77,37,22,0,23,52,48,17,16,0,24,32,29,20,6
2019_1,1001390,255,111,144,0,50,50,62,72,21,0,24,26,24,28,9,0,26,24,38,44,12
2019_1,1001389,24,10,14,0,0,2,11,7,4,0,0,1,4,3,2,0,0,1,7,4,2
2019_1,1001388,38,23,15,0,1,11,13,8,5,0,1,8,8,2,4,0,0,3,5,6,1
2019_1,1001387,200,106,94,3,54,47,35,17,44,1,17,30,22,8,28,2,37,17,13,9,16
2019_1,1001386,40,15,25,0,5,8,11,7,9,0,1,3,2,5,4,0,4,5,9,2,5
2019_1,1001385,356,101,255,2,74,130,87,35,28,0,7,20,39,20,15,2,67,110,48,15,13
2019_1,1001384,49,21,28,0,1,4,8,23,13,0,1,2,4,7,7,0,0,2,4,16,6
2019_1,1001383,1829,769,1060,32,694,410,365,224,104,12,257,211,127,84,78,20,437,199,238,140,26
2019_1,1001382,8,4,4,0,0,2,1,4,1,0,0,2,0,1,1,0,0,0,1,3,0
2019_1,1001381,18,14,4,0,0,1,1,7,9,0,0,1,0,5,8,0,0,0,1,2,1
2019_1,1001380,24,15,9,0,0,5,9,4,6,0,0,5,5,1,4,0,0,0,4,3,2
2019_1,1001379,122,38,84,0,5,17,20,21,59,0,2,8,5,6,17,0,3,9,15,15,42
2019_1,1001378,117,66,51,0,22,16,33,22,24,0,9,7,20,11,19,0,13,9,13,11,5
2019_1,1001377,169,76,93,0,17,38,41,43,30,0,2,20,21,19,14,0,15,18,20,24,16
2019_1,1001376,17,5,12,0,1,4,3,5,4,0,0,0,0,3,2,0,1,4,3,2,2
2019_1,1001375,92,27,65,0,5,10,34,36,7,0,4,5,10,5,3,0,1,5,24,31,4
2019_1,1001374,333,83,250,0,45,74,91,75,48,0,17,16,19,12,19,0,28,58,72,63,29
2019_1,1001373,35,18,17,0,1,4,3,11,16,0,0,0,0,4,14,0,1,4,3,7,2
2019_1,1001372,100,38,62,0,21,33,16,17,13,0,7,12,5,5,9,0,14,21,11,12,4
2019_1,1001371,74,21,53,0,14,17,21,11,11,0,1,2,9,4,5,0,13,15,12,7,6
2019_1,1001370,30,12,18,0,0,6,4,9,11,0,0,5,1,3,3,0,0,1,3,6,8
2019_1,1001369,57,28,29,0,0,11,19,19,8,0,0,7,8,9,4,0,0,4,11,10,4
2019_1,1001368,287,137,150,1,66,62,65,47,46,0,25,22,37,23,30,1,41,40,28,24,16
2019_1,1001367,299,122,177,0,42,48,66,91,52,0,20,24,25,32,21,0,22,24,41,59,31
2019_1,1001365,448,247,201,0,26,69,126,126,101,0,8,32,67,74,66,0,18,37,59,52,35
2019_1,1001364,168,72,96,0,19,44,42,40,23,0,12,23,18,11,8,0,7,21,24,29,15
2019_1,1001363,32,16,16,0,5,8,6,6,7,0,2,5,2,3,4,0,3,3,4,3,3
2019_1,1001362,44,21,23,0,3,8,16,6,11,0,0,4,7,0,10,0,3,4,9,6,1
2019_1,1001361,48,23,25,0,3,7,11,19,8,0,3,4,6,8,2,0,0,3,5,11,6
2019_1,1001360,105,36,69,0,15,25,23,26,16,0,3,5,7,12,9,0,12,20,16,14,7
2019_1,1001359,246,115,131,0,16,53,68,77,32,0,5,23,36,29,22,0,11,30,32,48,10
2019_1,1001358,24,16,8,0,0,2,9,5,8,0,0,2,8,1,5,0,0,0,1,4,3
2019_1,1001357,93,37,56,0,7,17,33,22,14,0,0,10,8,13,6,0,7,7,25,9,8
2019_1,1001356,41,23,18,0,0,9,9,10,13,0,0,5,4,7,7,0,0,4,5,3,6
2019_1,1001355,104,50,54,0,15,25,28,23,13,0,8,16,13,6,7,0,7,9,15,17,6
2019_1,1001354,133,48,85,1,7,29,37,41,18,1,3,18,14,7,5,0,4,11,23,34,13
2019_1,1001353,298,145,153,0,23,58,56,81,80,0,6,26,24,43,46,0,17,32,32,38,34
2019_1,1001352,85,40,45,0,12,19,26,18,10,0,4,10,11,8,7,0,8,9,15,10,3
2019_1,1001351,171,59,112,1,22,28,52,41,27,0,4,15,20,12,8,1,18,13,32,29,19
2019_1,1001350,246,100,146,1,45,49,51,55,45,0,6,19,21,25,29,1,39,30,30,30,16
2019_1,1001349,199,110,89,2,22,45,45,46,39,0,19,34,22,16,19,2,3,11,23,30,20
2019_1,1001348,132,61,71,0,11,30,48,32,11,0,3,10,24,17,7,0,8,20,24,15,4
2019_1,1001347,39,23,16,0,7,9,16,4,3,0,4,7,8,3,1,0,3,2,8,1,2
2019_1,1001346,27,15,12,0,0,8,7,8,4,0,0,6,3,4,2,0,0,2,4,4,2
2019_1,1001345,23,17,6,0,1,5,8,3,6,0,0,5,6,3,3,0,1,0,2,0,3
2019_1,1001344,15,11,4,1,2,7,1,4,0,1,1,5,1,3,0,0,1,2,0,1,0
2019_1,1001343,127,68,59,0,10,17,32,37,31,0,7,8,21,19,13,0,3,9,11,18,18
2019_1,1001342,25,5,20,0,6,5,4,6,4,0,0,3,0,2,0,0,6,2,4,4,4
2019_1,1001341,94,51,43,1,12,18,27,16,20,1,5,11,16,3,15,0,7,7,11,13,5
2019_1,1001340,313,156,157,1,43,56,89,88,36,0,23,26,45,43,19,1,20,30,44,45,17
2019_1,1001339,80,32,48,0,13,13,23,17,14,0,7,5,6,6,8,0,6,8,17,11,6
2019_1,1001338,232,96,136,0,37,41,57,47,50,0,6,12,27,26,25,0,31,29,30,21,25
2019_1,1001337,70,20,50,0,11,25,18,13,3,0,1,6,5,6,2,0,10,19,13,7,1
2019_1,1001336,584,217,367,2,103,118,143,140,78,0,26,41,62,53,35,2,77,77,81,87,43
2019_1,1001335,38,20,18,1,6,7,9,11,4,0,2,3,9,5,1,1,4,4,0,6,3
2019_1,1001334,160,45,115,0,14,21,49,50,26,0,2,6,13,11,13,0,12,15,36,39,13
2019_1,1001333,66,20,46,0,14,13,8,23,8,0,3,5,2,8,2,0,11,8,6,15,6
2019_1,1001332,250,85,165,0,47,61,60,55,27,0,9,19,21,18,18,0,38,42,39,37,9
2019_1,1001331,129,57,72,0,16,23,36,39,15,0,7,8,16,17,9,0,9,15,20,22,6
2019_1,1001330,558,251,307,4,65,99,154,159,77,1,23,53,79,55,40,3,42,46,75,104,37
2019_1,1001329,307,111,196,1,60,61,78,58,49,1,16,21,19,24,30,0,44,40,59,34,19
2019_1,1001328,25,10,15,0,0,5,11,9,0,0,0,1,4,5,0,0,0,4,7,4,0
2019_1,1001327,40,21,19,0,1,3,13,9,14,0,1,1,6,4,9,0,0,2,7,5,5
2019_1,1001326,141,57,84,1,27,34,33,28,18,0,9,18,15,8,7,1,18,16,18,20,11
2019_1,1001325,107,62,45,0,7,28,23,18,31,0,4,15,10,9,24,0,3,13,13,9,7
2019_1,1001324,88,42,46,0,12,10,27,28,11,0,4,4,15,12,7,0,8,6,12,16,4
2019_1,1001323,257,93,164,7,54,49,51,48,48,7,14,18,25,14,15,0,40,31,26,34,33
2019_1,1001322,40,20,20,0,1,7,7,11,14,0,0,1,4,3,12,0,1,6,3,8,2
2019_1,1001321,124,91,33,0,14,18,25,38,29,0,12,13,18,25,23,0,2,5,7,13,6
2019_1,1001320,105,49,56,1,15,13,24,38,14,1,6,7,13,12,10,0,9,6,11,26,4
2019_1,1001319,69,47,22,0,6,13,12,17,21,0,4,7,9,10,17,0,2,6,3,7,4
2019_1,1001318,20,12,8,0,1,1,4,8,6,0,0,1,4,4,3,0,1,0,0,4,3
2019_1,1001317,15,12,3,1,1,4,2,5,2,1,1,4,2,2,2,0,0,0,0,3,0
2019_1,1001316,1874,1146,728,3,175,319,482,532,363,1,93,193,265,343,251,2,82,126,217,189,112
2019_1,1001315,26,18,8,0,0,3,10,9,4,0,0,2,8,5,3,0,0,1,2,4,1
2019_1,1001314,274,182,92,0,31,38,69,70,66,0,17,25,51,44,45,0,14,13,18,26,21
2019_1,1001313,175,83,92,0,37,41,39,33,25,0,17,18,16,15,17,0,20,23,23,18,8
2019_1,1001312,6,4,2,0,0,0,1,2,3,0,0,0,0,1,3,0,0,0,1,1,0
2019_1,1001310,8,4,4,0,0,0,3,3,2,0,0,0,1,1,2,0,0,0,2,2,0
2019_1,1001309,152,91,61,1,26,34,40,29,22,0,16,20,17,18,20,1,10,14,23,11,2
2019_1,1001308,27,10,17,0,6,3,5,7,6,0,1,0,4,3,2,0,5,3,1,4,4
2019_1,1001307,37,19,18,0,3,4,3,7,20,0,0,3,0,2,14,0,3,1,3,5,6
2019_1,1001306,85,43,42,0,8,16,26,15,20,0,4,8,11,5,15,0,4,8,15,10,5
2019_1,1001305,14,10,4,0,0,1,8,4,1,0,0,1,5,3,1,0,0,0,3,1,0
2019_1,1001304,75,43,32,0,8,18,15,20,14,0,5,13,8,10,7,0,3,5,7,10,7
2019_1,1001303,118,55,63,0,16,9,35,41,17,0,4,5,14,20,12,0,12,4,21,21,5
2019_1,1001302,135,45,90,0,12,22,33,42,26,0,4,6,10,15,10,0,8,16,23,27,16
2019_1,1001301,622,132,490,1,21,52,114,223,211,1,6,26,28,33,38,0,15,26,86,190,173
2019_1,1001300,63,31,32,0,14,14,12,13,10,0,5,10,8,3,5,0,9,4,4,10,5
2019_1,1001299,109,60,49,1,26,19,26,19,18,1,14,11,14,5,15,0,12,8,12,14,3
2019_1,1001298,149,69,80,0,29,33,33,35,19,0,16,14,18,10,11,0,13,19,15,25,8
2019_1,1001297,145,77,68,0,9,28,43,37,28,0,3,15,25,14,20,0,6,13,18,23,8
2019_1,1001296,111,27,84,0,14,18,19,27,33,0,1,5,10,5,6,0,13,13,9,22,27
2019_1,1001295,637,278,359,6,151,136,164,120,60,2,35,67,77,62,35,4,116,69,87,58,25
2019_1,1001294,1715,1162,553,1,186,402,468,413,245,1,126,295,315,273,152,0,60,107,153,140,93
2019_1,1001293,48,21,27,0,2,13,13,13,7,0,0,4,8,4,5,0,2,9,5,9,2
2019_1,1001292,28,13,15,0,8,11,5,2,2,0,4,7,0,0,2,0,4,4,5,2,0
2019_1,1001291,220,127,93,3,99,58,26,17,17,1,53,38,13,10,12,2,46,20,13,7,5
2019_1,1001290,162,92,70,5,26,40,36,40,15,2,16,30,21,17,6,3,10,10,15,23,9
2019_1,1001289,97,49,48,0,2,23,33,20,19,0,1,14,21,5,8,0,1,9,12,15,11
2019_1,1001288,37,28,9,0,0,6,6,16,9,0,0,4,4,11,9,0,0,2,2,5,0
2019_1,1001287,35,21,14,0,13,13,3,2,4,0,10,8,2,0,1,0,3,5,1,2,3
2019_1,1001286,28,11,17,0,4,12,4,4,4,0,2,6,0,2,1,0,2,6,4,2,3
2019_1,1001285,1138,653,485,4,222,404,306,180,22,1,59,200,223,159,11,3,163,204,83,21,11
2019_1,1001284,858,542,316,2,158,217,157,189,135,0,115,160,92,94,81,2,43,57,65,95,54
2019_1,1001283,201,112,89,1,19,40,66,54,21,1,8,26,39,26,12,0,11,14,27,28,9
2019_1,1001282,623,275,348,0,84,120,154,127,138,0,26,43,72,53,81,0,58,77,82,74,57
2019_1,1001281,987,363,624,1,157,381,259,132,57,1,66,134,75,62,25,0,91,247,184,70,32
2019_1,1001280,397,162,235,0,43,96,134,88,36,0,20,46,53,32,11,0,23,50,81,56,25
2019_1,1001279,978,522,456,2,217,327,201,137,94,1,110,182,111,72,46,1,107,145,90,65,48
2019_1,1001278,241,168,73,0,78,75,44,33,11,0,54,59,31,16,8,0,24,16,13,17,3
2019_1,1001277,2936,1886,1050,5,245,626,748,775,537,1,145,407,443,485,405,4,100,219,305,290,132
2019_1,1001276,3741,2568,1173,11,568,1360,1054,563,185,3,266,930,842,403,124,8,302,430,212,160,61
2019_1,1001275,556,361,195,0,36,92,160,177,91,0,21,51,104,117,68,0,15,41,56,60,23
2019_1,1001274,1767,1140,627,9,190,364,476,439,289,2,92,253,326,263,204,7,98,111,150,176,85
2019_1,1001273,11688,5396,6292,90,2096,3615,3023,2061,803,38,783,1711,1471,885,508,52,1313,1904,1552,1176,295
2019_1,1001272,156,116,40,0,9,35,45,45,22,0,7,28,34,32,15,0,2,7,11,13,7
2019_1,1001271,414,247,167,2,52,91,114,93,62,0,23,58,64,61,41,2,29,33,50,32,21
2019_1,1001270,127,62,65,0,9,20,46,35,17,0,5,10,25,14,8,0,4,10,21,21,9
2019_1,1001269,33,27,6,0,0,4,10,2,17,0,0,2,6,2,17,0,0,2,4,0,0
2019_1,1001268,314,186,128,4,73,100,79,47,11,3,37,68,43,27,8,1,36,32,36,20,3
2019_1,1001267,592,334,258,1,52,111,153,168,107,1,33,69,81,86,64,0,19,42,72,82,43
2019_1,1001266,4641,3247,1394,8,782,1407,1242,854,348,3,529,1101,811,569,234,5,253,306,431,285,114
2019_1,1001265,971,623,348,1,76,174,230,262,228,1,42,117,152,151,160,0,34,57,78,111,68
2019_1,1001264,252,172,80,0,69,106,33,27,17,0,47,82,21,15,7,0,22,24,12,12,10
2019_1,1001263,1843,739,1104,29,509,391,379,330,205,10,191,194,152,98,94,19,318,197,227,232,111
2019_1,1001262,931,334,597,6,171,168,185,215,186,1,29,64,92,70,78,5,142,104,93,145,108
2019_1,1001261,929,271,658,8,297,213,208,131,72,2,41,74,78,50,26,6,256,139,130,81,46
2019_1,1001260,1964,1023,941,2,281,351,487,415,428,1,97,182,252,217,274,1,184,169,235,198,154
2019_1,1001259,250,112,138,0,31,53,59,67,40,0,11,25,30,22,24,0,20,28,29,45,16
2019_1,1001258,277,110,167,0,49,46,85,61,36,0,20,21,24,24,21,0,29,25,61,37,15
2019_1,1001257,3287,1703,1584,20,419,826,813,813,396,13,163,380,405,500,242,7,256,446,408,313,154
2019_1,1001256,1690,796,894,6,242,287,352,394,409,2,68,129,172,196,229,4,174,158,180,198,180
2019_1,1001255,156,40,116,0,17,20,32,38,49,0,4,7,15,8,6,0,13,13,17,30,43
2019_1,1001254,1164,430,734,13,315,265,268,193,110,7,95,120,89,64,55,6,220,145,179,129,55
2019_1,1001253,218,73,145,2,40,48,60,38,30,2,5,16,25,14,11,0,35,32,35,24,19
2019_1,1001252,495,190,305,1,72,93,139,123,67,1,15,32,58,65,19,0,57,61,81,58,48
2019_1,1001251,1081,458,623,11,261,279,243,182,105,5,100,134,99,63,57,6,161,145,144,119,48
2019_1,1001250,259,88,171,3,36,52,69,57,42,0,11,16,21,14,26,3,25,36,48,43,16
2019_1,1001249,441,134,307,1,49,82,111,106,92,1,12,27,42,25,27,0,37,55,69,81,65
2019_1,1001248,634,287,347,3,75,108,164,187,97,2,33,41,80,84,47,1,42,67,84,103,50
2019_1,1001247,258,98,160,2,48,76,72,41,19,2,16,35,29,10,6,0,32,41,43,31,13
2019_1,1001246,387,139,248,8,78,64,92,80,65,1,19,25,37,18,39,7,59,39,55,62,26
2019_1,1001245,3952,2161,1791,16,561,989,956,1044,386,7,231,449,516,724,234,9,330,540,440,320,152
2019_1,1001244,329,161,168,3,62,81,73,59,51,0,37,50,37,20,17,3,25,31,36,39,34
2019_1,1001243,361,215,146,3,72,127,83,44,32,1,33,96,51,20,14,2,39,31,32,24,18
2019_1,1001242,1193,548,645,10,282,297,264,194,146,4,136,130,120,72,86,6,146,167,144,122,60
2019_1,1001241,336,144,192,1,81,98,61,53,42,0,30,48,26,22,18,1,51,50,35,31,24
2019_1,1001240,1786,795,991,19,529,500,325,241,172,7,167,230,170,122,99,12,362,270,155,119,73
2019_1,1001239,18781,11285,7496,20,3944,7124,5419,1846,428,7,1461,4179,3948,1401,289,13,2483,2945,1471,445,139
2019_1,1001238,1781,786,995,25,381,287,338,389,361,13,181,130,133,143,186,12,200,157,205,246,175
2019_1,1001237,593,259,334,1,102,184,128,93,85,0,28,81,64,41,45,1,74,103,64,52,40
2019_1,1001236,976,443,533,11,152,308,270,172,63,4,32,139,130,93,45,7,120,169,140,79,18
2019_1,1001235,19553,17300,2253,31,2344,7602,5403,3615,558,12,1610,6730,5018,3459,471,19,734,872,385,156,87
2019_1,1001234,507,255,252,5,68,101,106,123,104,3,37,57,52,50,56,2,31,44,54,73,48
2019_1,1001233,3047,1575,1472,7,574,739,821,582,324,0,173,379,457,344,222,7,401,360,364,238,102
2019_1,1001232,2652,1308,1344,36,633,551,522,481,429,16,261,285,288,224,234,20,372,266,234,257,195
2019_1,1001231,1246,575,671,23,248,235,260,218,262,6,63,120,140,106,140,17,185,115,120,112,122
2019_1,1001230,19641,12064,7577,94,3920,6446,4787,3090,1304,58,1499,3836,3520,2315,836,36,2421,2610,1267,775,468
2019_1,1001229,1421,841,580,5,307,377,359,259,114,0,103,249,232,169,88,5,204,128,127,90,26
2019_1,1001228,3106,1868,1238,7,429,750,803,673,444,2,171,432,468,463,332,5,258,318,335,210,112
2019_1,1001227,55674,34488,21186,901,9220,18606,15555,8812,2580,379,3849,10802,10838,6882,1738,522,5371,7804,4717,1930,842
2019_1,1001226,15994,9901,6093,419,3171,4908,4450,2378,668,110,1315,3005,3220,1790,461,309,1856,1903,1230,588,207
2019_1,1001225,561,269,292,3,84,127,117,136,94,1,30,54,55,63,66,2,54,73,62,73,28
2019_1,1001224,1755,789,966,2,193,290,252,420,598,2,72,132,132,160,291,0,121,158,120,260,307
2019_1,1001223,44020,25468,18552,64,5987,11860,12277,8729,5103,34,2313,6703,8058,5504,2856,30,3674,5157,4219,3225,2247
2019_1,1001222,396,181,215,4,75,98,92,70,57,1,27,37,36,37,43,3,48,61,56,33,14
2019_1,1001221,2032,939,1093,28,336,432,500,433,303,9,108,185,257,202,178,19,228,247,243,231,125
2019_1,1001220,1685,650,1035,6,317,427,458,285,192,3,101,168,142,117,119,3,216,259,316,168,73
2019_1,1001219,109,57,52,0,18,23,28,23,17,0,3,13,13,14,14,0,15,10,15,9,3
2019_1,1001218,544,316,228,2,46,119,108,146,123,2,19,71,61,73,90,0,27,48,47,73,33
2019_1,1001217,148,58,90,0,11,26,27,37,47,0,5,16,12,6,19,0,6,10,15,31,28
2019_1,1001216,3768,1701,2067,9,720,965,841,702,531,2,209,384,387,369,350,7,511,581,454,333,181
2019_1,1001215,18896,10887,8009,36,4110,7113,4818,2208,611,11,1364,3949,3317,1796,450,25,2746,3164,1501,412,161
2019_1,1001214,9951,7527,2424,8,1525,2969,2727,2528,194,1,787,1909,2280,2381,169,7,738,1060,447,147,25
2019_1,1001213,3769,1603,2166,60,880,952,728,631,518,21,328,501,351,207,195,39,552,451,377,424,323
2019_1,1001212,378,275,103,1,60,77,108,81,51,0,38,55,79,59,44,1,22,22,29,22,7
2019_1,1001211,2174,738,1436,4,511,778,347,348,186,1,88,284,159,116,90,3,423,494,188,232,96
2019_1,1001210,16175,9365,6810,30,3052,5041,4335,2817,900,10,1211,2799,2740,1937,668,20,1841,2242,1595,880,232
2019_1,1001209,18067,7982,10085,187,7458,4621,3149,1959,693,37,2390,2029,1746,1314,466,150,5068,2592,1403,645,227
2019_1,1001208,24690,15687,9003,148,5527,5816,4451,4985,3763,75,3776,4321,2813,2523,2179,73,1751,1495,1638,2462,1584
2019_1,1001207,3935,1888,2047,13,946,1561,874,322,219,4,414,725,434,172,139,9,532,836,440,150,80
2019_1,1001206,3320,2079,1241,31,669,1060,769,631,160,26,264,661,522,511,95,5,405,399,247,120,65
2019_1,1001205,1958,1103,855,11,273,392,432,465,385,6,122,229,244,267,235,5,151,163,188,198,150
2019_1,1001204,17794,10301,7493,100,4034,4969,5395,2216,1080,43,1764,2707,3515,1541,731,57,2270,2262,1880,675,349
2019_1,1001203,17311,5640,11671,146,4090,5176,4402,2376,1121,60,1275,1758,1161,731,655,86,2815,3418,3241,1645,466
2019_1,1001202,35154,13936,21218,242,15526,10817,5712,2434,423,72,4118,4095,3547,1783,321,170,11408,6722,2165,651,102
2019_1,1001201,1100,538,562,1,207,292,247,218,135,1,77,161,118,105,76,0,130,131,129,113,59
2019_1,1001200,8135,4122,4013,48,1543,2399,2310,1093,742,7,640,1228,1180,594,473,41,903,1171,1130,499,269
2019_1,1001199,25323,12995,12328,658,6518,5956,5628,4284,2279,294,2748,3238,3212,2121,1382,364,3770,2718,2416,2163,897
2019_1,1001198,633,301,332,1,91,112,139,164,126,0,28,58,64,70,81,1,63,54,75,94,45
2019_1,1001197,2933,1826,1107,18,464,734,737,574,406,9,254,458,451,350,304,9,210,276,286,224,102
2019_1,1001196,49346,32844,16502,137,8905,17985,14628,6557,1134,49,4642,10513,11002,5717,921,88,4263,7472,3626,840,213
2019_1,1001195,1715,538,1177,9,615,529,377,135,50,2,170,198,111,40,17,7,445,331,266,95,33
2019_1,1001194,2123,1180,943,4,384,580,492,401,262,3,151,324,311,234,157,1,233,256,181,167,105
2019_1,1001193,2614,1567,1047,21,335,448,487,401,922,8,141,237,272,230,679,13,194,211,215,171,243
2019_1,1001192,4871,3075,1796,30,993,1289,1259,987,313,14,517,866,903,565,210,16,476,423,356,422,103
2019_1,1001191,43,17,26,2,10,15,12,1,3,0,4,6,6,0,1,2,6,9,6,1,2
2019_1,1001190,6926,4422,2504,45,1409,1513,1535,1447,977,6,637,1026,1084,965,704,39,772,487,451,482,273
2019_1,1001189,8002,4224,3778,17,1689,3435,1885,680,296,6,531,1841,1208,422,216,11,1158,1594,677,258,80
2019_1,1001188,1592,1124,468,2,216,561,455,234,124,1,105,401,372,173,72,1,111,160,83,61,52
2019_1,1001187,330,171,159,2,77,63,82,66,40,2,47,40,37,27,18,0,30,23,45,39,22
2019_1,1001186,1207,555,652,18,273,292,247,229,148,5,94,141,134,99,82,13,179,151,113,130,66
2019_1,1001185,4002,1723,2279,40,1496,997,612,515,342,19,524,515,303,207,155,21,972,482,309,308,187
2019_1,1001184,2794,1105,1689,36,1214,778,427,216,123,24,297,350,217,123,94,12,917,428,210,93,29
2019_1,1001183,2503,925,1578,15,573,658,393,433,431,2,182,319,207,117,98,13,391,339,186,316,333
2019_1,1001182,17048,8543,8505,169,5603,4707,3138,1955,1476,67,2167,2662,1813,892,942,102,3436,2045,1325,1063,534
2019_1,1001181,1982,1215,767,4,307,513,555,397,206,2,146,327,370,250,120,2,161,186,185,147,86
2019_1,1001180,5384,2673,2711,34,1097,1138,1511,1203,401,21,600,671,739,446,196,13,497,467,772,757,205
2019_1,1001179,5321,3082,2239,11,648,1370,1352,1364,576,6,292,748,800,890,346,5,356,622,552,474,230
2019_1,1001178,3131,1518,1613,12,659,907,756,500,297,1,210,431,431,257,188,11,449,476,325,243,109
2019_1,1001177,515,215,300,4,119,141,105,87,59,1,32,52,53,35,42,3,87,89,52,52,17
2019_1,1001176,41,14,27,0,7,3,6,13,12,0,2,1,3,3,5,0,5,2,3,10,7
2019_1,1001175,1397,634,763,11,202,279,304,337,264,4,59,145,124,151,151,7,143,134,180,186,113
2019_1,1001174,633,246,387,2,68,82,90,117,274,1,20,47,39,42,97,1,48,35,51,75,177
2019_1,1001173,1407,444,963,4,185,212,308,387,311,3,54,96,107,84,100,1,131,116,201,303,211
2019_1,1001172,169,86,83,4,39,41,36,29,20,2,14,26,17,12,15,2,25,15,19,17,5
2019_1,1001171,957,495,462,0,127,308,224,161,137,0,32,118,118,118,109,0,95,190,106,43,28
2019_1,1001170,4855,3061,1794,25,934,1607,1228,768,293,13,369,1023,898,572,186,12,565,584,330,196,107
2019_1,1001169,5761,3373,2388,20,1042,1468,1888,1093,250,3,508,1018,1023,667,154,17,534,450,865,426,96
2019_1,1001168,12123,6406,5717,674,4430,3568,2203,931,317,280,2069,1972,1267,597,221,394,2361,1596,936,334,96
2019_1,1001167,8182,4971,3211,33,1895,2079,2154,1820,201,15,1042,1279,1407,1077,151,18,853,800,747,743,50
2019_1,1001166,14367,8130,6237,88,2546,3492,3335,2842,2064,30,1085,2129,2171,1479,1236,58,1461,1363,1164,1363,828
2019_1,1001165,1569,741,828,23,539,382,264,200,161,8,227,214,148,71,73,15,312,168,116,129,88
2019_1,1001164,4891,3266,1625,6,878,1463,1117,774,653,4,466,967,787,543,499,2,412,496,330,231,154
2019_1,1001163,3905,1728,2177,25,1022,1012,872,582,392,7,343,532,423,220,203,18,679,480,449,362,189
2019_1,1001162,581,233,348,8,146,137,129,102,59,3,49,63,47,41,30,5,97,74,82,61,29
2019_1,1001161,865,447,418,11,241,270,168,115,60,7,99,151,104,53,33,4,142,119,64,62,27
2019_1,1001160,1490,866,624,5,157,283,413,327,305,2,56,147,262,189,210,3,101,136,151,138,95
2019_1,1001159,625,243,382,0,112,163,144,133,73,0,20,60,60,62,41,0,92,103,84,71,32
2019_1,1001158,5817,3691,2126,37,772,769,936,1196,2107,18,483,538,591,674,1387,19,289,231,345,522,720
2019_1,1001157,336,140,196,6,71,60,57,81,61,2,22,26,22,37,31,4,49,34,35,44,30
2019_1,1001156,3638,1597,2041,11,521,716,809,955,626,7,234,381,406,278,291,4,287,335,403,677,335
2019_1,1001155,3269,2378,891,41,503,1133,1027,398,167,31,343,851,759,277,117,10,160,282,268,121,50
2019_1,1001154,539,346,193,10,108,173,137,71,40,6,60,123,90,40,27,4,48,50,47,31,13
2019_1,1001153,859,412,447,3,161,191,224,164,116,2,35,93,114,85,83,1,126,98,110,79,33
2019_1,1001152,2766,1747,1019,18,547,686,645,511,359,11,239,460,466,355,216,7,308,226,179,156,143
2019_1,1001151,2637,1941,696,23,410,862,782,359,201,15,263,646,580,283,154,8,147,216,202,76,47
2019_1,1001150,1473,863,610,10,420,491,268,162,122,3,239,307,162,91,61,7,181,184,106,71,61
2019_1,1001149,1156,679,477,6,242,402,242,174,90,1,101,263,165,94,55,5,141,139,77,80,35
2019_1,1001148,182,58,124,0,18,38,37,45,44,0,6,13,15,11,13,0,12,25,22,34,31
2019_1,1001147,2290,1883,407,24,410,864,674,233,85,19,347,740,535,182,60,5,63,124,139,51,25
2019_1,1001146,1979,1007,972,3,202,492,499,551,232,2,55,181,230,390,149,1,147,311,269,161,83
2019_1,1001145,12218,7169,5049,169,5091,3155,2256,1053,494,69,2213,2038,1761,781,307,100,2878,1117,495,272,187
2019_1,1001144,22362,12621,9741,99,5587,7786,5296,2367,1227,27,2066,4413,3773,1532,810,72,3521,3373,1523,835,417
2019_1,1001143,12319,5744,6575,19,3928,5490,2153,577,152,2,1095,2719,1360,444,124,17,2833,2771,793,133,28
2019_1,1001142,2806,1542,1264,3,634,929,678,325,237,1,219,499,439,220,164,2,415,430,239,105,73
2019_1,1001141,12954,4842,8112,112,4827,4500,2184,808,523,38,1278,1824,1025,396,281,74,3549,2676,1159,412,242
2019_1,1001140,10385,4717,5668,132,2919,2606,1881,1482,1365,43,1010,1279,1053,659,673,89,1909,1327,828,823,692
2019_1,1001139,884,465,419,4,130,210,217,179,144,2,41,111,114,107,90,2,89,99,103,72,54
2019_1,1001138,10220,3605,6615,85,4461,3471,1355,514,334,17,1210,1283,641,260,194,68,3251,2188,714,254,140
2019_1,1001137,687,325,362,1,70,84,122,166,244,0,23,29,64,73,136,1,47,55,58,93,108
2019_1,1001136,303,139,164,4,64,77,64,61,33,1,36,46,21,22,13,3,28,31,43,39,20
2019_1,1001135,25750,11279,14471,1250,9813,6761,4129,2354,1443,472,3624,3168,2128,1054,833,778,6189,3593,2001,1300,610
2019_1,1001134,56221,36723,19498,190,9422,19349,16875,8078,2307,38,4666,11928,12430,6319,1342,152,4756,7421,4445,1759,965
2019_1,1001133,3459,1125,2334,28,1022,1176,740,347,146,3,228,391,268,143,92,25,794,785,472,204,54
2019_1,1001132,2041,1208,833,6,352,525,450,407,301,1,163,323,261,249,211,5,189,202,189,158,90
2019_1,1001131,6290,4287,2003,12,875,1752,1789,908,954,6,343,1152,1483,686,617,6,532,600,306,222,337
2019_1,1001130,4644,2935,1709,17,953,1580,1110,760,224,5,426,1051,787,523,143,12,527,529,323,237,81
2019_1,1001129,920,327,593,2,228,282,203,130,75,0,34,106,84,53,50,2,194,176,119,77,25
2019_1,1001128,2085,640,1445,10,713,922,317,87,36,0,134,315,127,44,20,10,579,607,190,43,16
2019_1,1001127,49466,27413,22053,173,6205,13912,14808,10720,3648,25,2603,6463,8449,7746,2127,148,3602,7449,6359,2974,1521
2019_1,1001126,49,27,22,0,4,9,15,13,8,0,2,7,4,8,6,0,2,2,11,5,2
2019_1,1001125,2897,2139,758,37,820,1132,614,201,93,33,558,888,485,120,55,4,262,244,129,81,38
2019_1,1001124,982,614,368,0,89,150,240,283,220,0,41,89,148,182,154,0,48,61,92,101,66
2019_1,1001123,8375,4508,3867,29,2323,2950,1511,915,647,8,773,1511,955,716,545,21,1550,1439,556,199,102
2019_1,1001122,13574,6841,6733,19,1995,3413,4159,3099,889,8,816,1917,2235,1574,291,11,1179,1496,1924,1525,598
2019_1,1001121,944,563,381,2,166,246,209,217,104,0,69,165,124,138,67,2,97,81,85,79,37
2019_1,1001120,5906,3015,2891,15,1526,2130,1336,634,265,6,482,1176,788,375,188,9,1044,954,548,259,77
2019_1,1001119,969,512,457,5,137,235,222,201,169,3,70,144,129,88,78,2,67,91,93,113,91
2019_1,1001118,16718,8110,8608,89,3857,4837,4304,2196,1435,37,1476,2455,2151,1082,909,52,2381,2382,2153,1114,526
2019_1,1001117,10284,4700,5584,65,3470,2911,1768,1307,763,24,1039,1334,1116,663,524,41,2431,1577,652,644,239
2019_1,1001116,451,259,192,13,171,143,60,31,33,10,96,96,26,10,21,3,75,47,34,21,12
2019_1,1001115,5291,2804,2487,18,1413,1851,1193,469,347,8,436,962,854,314,230,10,977,889,339,155,117
2019_1,1001114,1587,819,768,0,328,484,373,255,147,0,90,253,241,148,87,0,238,231,132,107,60
2019_1,1001113,235,142,93,0,28,87,45,35,40,0,11,57,27,16,31,0,17,30,18,19,9
2019_1,1001112,5416,2694,2722,39,1571,1631,1130,582,463,9,492,869,710,328,286,30,1079,762,420,254,177
2019_1,1001111,4603,2720,1883,12,845,1291,1106,725,624,8,328,715,728,495,446,4,517,576,378,230,178
2019_1,1001110,40450,17880,22570,174,7939,9603,11450,10349,935,72,3856,6267,5078,2016,591,102,4083,3336,6372,8333,344
2019_1,1001109,9949,5407,4542,28,2211,3379,2526,1133,672,4,770,1941,1659,649,384,24,1441,1438,867,484,288
2019_1,1001108,2812,1340,1472,9,805,955,659,250,134,4,231,490,399,125,91,5,574,465,260,125,43
2019_1,1001107,5226,3150,2076,19,887,1290,1193,1063,774,10,466,798,757,609,510,9,421,492,436,454,264
2019_1,1001106,3399,2080,1319,26,445,587,493,354,1494,8,171,349,329,198,1025,18,274,238,164,156,469
2019_1,1001105,1445,965,480,9,213,348,369,379,127,3,104,231,274,282,71,6,109,117,95,97,56
2019_1,1001104,11446,7449,3997,50,2839,4091,2735,1151,580,29,1382,2730,2020,872,416,21,1457,1361,715,279,164
2019_1,1001103,26319,15076,11243,118,7288,8801,6589,2815,708,41,2562,4762,4899,2326,486,77,4726,4039,1690,489,222
2019_1,1001102,2579,1598,981,11,572,839,639,303,215,2,262,524,429,222,159,9,310,315,210,81,56
2019_1,1001101,3671,2006,1665,11,885,1214,883,424,254,3,291,639,582,300,191,8,594,575,301,124,63
2019_1,1001100,2978,1668,1310,6,715,1151,719,259,128,1,278,690,462,159,78,5,437,461,257,100,50
2019_1,1001099,18461,10767,7694,53,4251,7560,4166,1715,716,20,1700,4600,2911,1046,490,33,2551,2960,1255,669,226
2019_1,1001098,10442,6163,4279,32,2575,4007,2331,965,532,13,1004,2466,1683,670,327,19,1571,1541,648,295,205
2019_1,1001097,3374,1680,1694,107,1461,589,591,537,89,42,653,321,276,357,31,65,808,268,315,180,58
2019_1,1001096,7280,2951,4329,38,1722,2758,1627,776,359,12,552,994,778,413,202,26,1170,1764,849,363,157
2019_1,1001095,9710,5491,4219,41,2179,3029,2252,1338,871,10,825,1851,1472,797,536,31,1354,1178,780,541,335
2019_1,1001094,3281,2011,1270,17,768,1207,745,355,189,6,308,739,558,251,149,11,460,468,187,104,40
2019_1,1001093,7698,4381,3317,37,1488,1659,1764,1509,1241,17,562,876,1081,991,854,20,926,783,683,518,387
2019_1,1001092,4234,2242,1992,26,990,1462,890,534,332,8,335,854,548,295,202,18,655,608,342,239,130
2019_1,1001091,9260,4425,4835,51,2426,3050,1919,1325,489,13,788,1609,1017,647,351,38,1638,1441,902,678,138
2019_1,1001090,2885,1564,1321,5,667,808,689,358,358,1,249,473,420,191,230,4,418,335,269,167,128
2019_1,1001089,3558,1541,2017,8,959,1143,753,450,245,5,266,501,434,172,163,3,693,642,319,278,82
2019_1,1001088,30803,19253,11550,106,4540,8288,8121,5663,4085,44,2079,5251,5807,3600,2472,62,2461,3037,2314,2063,1613
2019_1,1001087,16076,9844,6232,27,2689,4785,4080,2708,1787,9,1069,2897,2849,1870,1150,18,1620,1888,1231,838,637
2019_1,1001086,3888,2173,1715,41,896,871,896,721,463,16,371,479,597,421,289,25,525,392,299,300,174
2019_1,1001085,35271,19691,15580,155,8270,11401,8226,4738,2481,57,3009,6517,5477,3038,1593,98,5261,4884,2749,1700,888
2019_1,1001084,29179,12392,16787,150,9985,8284,5445,3662,1653,63,3730,4227,2359,1130,883,87,6255,4057,3086,2532,770
2019_1,1001083,354,193,161,5,54,98,77,56,64,3,24,59,40,32,35,2,30,39,37,24,29
2019_1,1001082,21601,12688,8913,141,4460,7765,5711,2510,1014,15,1936,4703,3674,1688,672,126,2524,3062,2037,822,342
2019_1,1001081,35830,23745,12085,197,7531,10539,8699,6582,2282,81,4042,7963,6589,3896,1174,116,3489,2576,2110,2686,1108
2019_1,1001080,238,121,117,2,26,69,52,52,37,0,14,29,20,29,29,2,12,40,32,23,8
2019_1,1001079,216,162,54,0,28,76,40,36,36,0,9,66,25,30,32,0,19,10,15,6,4
2019_1,1001078,12707,5534,7173,90,4088,3940,2157,1277,1155,21,1021,1833,1335,683,641,69,3067,2107,822,594,514
2019_1,1001077,19230,11361,7869,106,4829,5384,4348,3091,1472,58,2316,3310,2779,1961,937,48,2513,2074,1569,1130,535
2019_1,1001076,458,149,309,1,117,126,121,69,24,0,24,58,40,17,10,1,93,68,81,52,14
2019_1,1001075,6667,3349,3318,28,1314,1841,1576,1233,675,7,412,968,941,652,369,21,902,873,635,581,306
2019_1,1001074,8108,5936,2172,11,1226,2131,1780,1690,1270,6,963,1817,1407,1007,736,5,263,314,373,683,534
2019_1,1001073,32290,19359,12931,98,7969,12160,7643,2922,1498,52,3465,7287,5404,2040,1111,46,4504,4873,2239,882,387
2019_1,1001072,672,287,385,5,95,149,158,157,108,1,36,70,81,59,40,4,59,79,77,98,68
2019_1,1001071,1356,659,697,6,296,352,325,250,127,1,109,180,178,128,63,5,187,172,147,122,64
2019_1,1001070,498,194,304,1,130,146,121,74,26,0,24,64,59,34,13,1,106,82,62,40,13
2019_1,1001069,292,138,154,1,36,86,90,53,26,0,7,50,46,20,15,1,29,36,44,33,11
2019_1,1001068,207,99,108,1,22,29,58,66,31,1,11,16,27,29,15,0,11,13,31,37,16
2019_1,1001067,1862,961,901,16,231,260,399,525,431,11,138,150,163,209,290,5,93,110,236,316,141
2019_1,1001066,33083,12913,20170,384,8111,9273,6813,5300,3202,142,2355,4087,3714,1655,960,242,5756,5186,3099,3645,2242
2019_1,1001065,480,147,333,5,75,110,151,96,43,1,21,40,37,26,22,4,54,70,114,70,21
2019_1,1001064,565,290,275,3,95,128,147,126,66,3,35,54,77,75,46,0,60,74,70,51,20
2019_1,1001063,6657,3414,3243,13,1360,2023,1612,975,674,7,361,927,960,674,485,6,999,1096,652,301,189
2019_1,1001062,30628,17117,13511,237,6611,10494,8560,3473,1253,30,2446,5867,5512,2482,780,207,4165,4627,3048,991,473
2019_1,1001061,523,234,289,2,94,117,123,115,72,1,42,62,67,38,24,1,52,55,56,77,48
2019_1,1001060,61,50,11,0,3,13,17,18,10,0,2,11,12,15,10,0,1,2,5,3,0
2019_1,1001059,3023,1690,1333,2,388,734,774,659,466,1,63,288,496,460,382,1,325,446,278,199,84
2019_1,1001058,4310,2476,1834,24,897,1321,943,593,532,3,323,758,667,370,355,21,574,563,276,223,177
2019_1,1001057,4587,2523,2064,26,857,1358,1194,715,437,2,296,702,761,468,294,24,561,656,433,247,143
2019_1,1001056,5688,3485,2203,25,941,1527,1310,1019,866,15,365,846,844,732,683,10,576,681,466,287,183
2019_1,1001055,3711,1932,1779,12,414,1001,1102,831,351,4,124,490,595,444,275,8,290,511,507,387,76
2019_1,1001054,1138,562,576,7,181,306,285,193,166,1,52,129,167,95,118,6,129,177,118,98,48
2019_1,1001053,319,115,204,4,71,78,69,53,44,0,18,28,28,15,26,4,53,50,41,38,18
2019_1,1001052,15677,9515,6162,44,2712,4740,4304,2733,1144,19,1017,2776,2931,1910,862,25,1695,1964,1373,823,282
2019_1,1001051,11978,6495,5483,31,2063,3907,3561,1813,603,10,752,1906,2051,1327,449,21,1311,2001,1510,486,154
2019_1,1001050,24301,11781,12520,107,5447,6901,6025,3969,1852,24,1740,3525,3104,2075,1313,83,3707,3376,2921,1894,539
2019_1,1001049,620,196,424,3,77,114,128,173,125,0,13,40,45,59,39,3,64,74,83,114,86
2019_1,1001048,5660,3302,2358,49,1337,1869,1313,720,372,24,558,1127,914,436,243,25,779,742,399,284,129
2019_1,1001047,4376,3049,1327,12,892,1432,1017,654,369,12,535,1045,759,440,258,0,357,387,258,214,111
2019_1,1001046,1154,529,625,8,250,227,264,222,183,2,83,116,135,90,103,6,167,111,129,132,80
2019_1,1001045,1294,636,658,13,249,308,318,245,161,8,106,163,156,100,103,5,143,145,162,145,58
2019_1,1001044,8624,5484,3140,15,1541,2506,2027,1321,1214,1,714,1584,1472,889,824,14,827,922,555,432,390
2019_1,1001043,2016,1090,926,2,413,595,515,285,206,1,182,322,285,173,127,1,231,273,230,112,79
2019_1,1001042,4845,1969,2876,29,1561,1261,1038,642,314,10,438,522,520,274,205,19,1123,739,518,368,109
2019_1,1001041,12474,6372,6102,26,1620,3030,3101,3020,1677,8,743,1857,1607,1118,1039,18,877,1173,1494,1902,638
2019_1,1001040,448,171,277,3,121,86,82,94,62,2,39,35,37,28,30,1,82,51,45,66,32
2019_1,1001039,7655,5244,2411,22,988,2033,2067,1337,1208,4,515,1345,1537,966,877,18,473,688,530,371,331
2019_1,1001038,69308,42662,26646,363,15765,23078,16163,8943,4996,220,7498,15600,11161,4965,3218,143,8267,7478,5002,3978,1778
2019_1,1001037,2585,1352,1233,51,628,864,524,296,222,26,262,499,277,152,136,25,366,365,247,144,86
2019_1,1001036,131,79,52,0,8,38,53,24,8,0,4,19,37,13,6,0,4,19,16,11,2
2019_1,1001035,2456,1402,1054,4,716,725,531,294,186,2,244,429,383,210,134,2,472,296,148,84,52
2019_1,1001034,2820,1547,1273,17,587,834,669,400,313,0,210,470,422,232,213,17,377,364,247,168,100
2019_1,1001033,4040,2601,1439,14,710,1337,1103,572,304,4,332,912,776,347,230,10,378,425,327,225,74
2019_1,1001032,462,167,295,4,111,81,109,91,66,2,26,27,49,30,33,2,85,54,60,61,33
2019_1,1001031,1442,736,706,14,273,211,241,310,393,5,151,128,136,122,194,9,122,83,105,188,199
2019_1,1001030,5961,2597,3364,76,1735,1399,1069,1029,653,20,445,668,609,474,381,56,1290,731,460,555,272
2019_1,1001029,1363,603,760,8,142,393,335,299,186,6,52,190,156,155,44,2,90,203,179,144,142
2019_1,1001028,248,106,142,2,44,53,60,47,42,0,10,21,29,23,23,2,34,32,31,24,19
2019_1,1001027,37770,22520,15250,165,7982,11884,9734,5557,2448,82,3634,7462,6287,3277,1778,83,4348,4422,3447,2280,670
2019_1,1001026,115,78,37,0,11,23,38,29,14,0,4,20,26,16,12,0,7,3,12,13,2
2019_1,1001025,3202,1502,1700,29,691,761,724,480,517,5,260,349,339,226,323,24,431,412,385,254,194
2019_1,1001024,3324,1194,2130,15,429,565,837,1070,408,12,216,291,276,179,220,3,213,274,561,891,188
2019_1,1001023,41516,26488,15028,228,10554,13369,9519,4583,3263,117,4961,8917,7102,3159,2232,111,5593,4452,2417,1424,1031
2019_1,1001022,1647,856,791,6,372,436,369,298,166,1,111,234,224,168,118,5,261,202,145,130,48
2019_1,1001021,22554,14370,8184,125,4402,6254,5846,3722,2205,68,2241,4243,3966,2342,1510,57,2161,2011,1880,1380,695
2019_1,1001020,8994,6106,2888,51,1299,2377,2372,1702,1193,29,685,1603,1650,1172,967,22,614,774,722,530,226
2019_1,1001019,582,326,256,0,96,172,151,108,55,0,31,97,100,61,37,0,65,75,51,47,18
2019_1,1001018,15004,8391,6613,52,2205,3965,4057,3346,1379,22,1021,2567,2334,1602,845,30,1184,1398,1723,1744,534
2019_1,1001017,2050,1363,687,22,505,553,479,364,127,16,309,381,332,241,84,6,196,172,147,123,43
2019_1,1001016,932,703,229,4,61,154,244,342,127,2,36,107,182,278,98,2,25,47,62,64,29
2019_1,1001015,4841,2882,1959,26,817,1370,1310,943,375,8,384,844,847,548,251,18,433,526,463,395,124
2019_1,1001014,750,349,401,1,79,165,145,209,151,0,39,89,67,68,86,1,40,76,78,141,65
2019_1,1001013,2333,1733,600,2,378,900,709,246,98,1,228,652,582,194,76,1,150,248,127,52,22
2019_1,1001012,2535,2089,446,4,598,859,574,402,98,0,425,737,502,345,80,4,173,122,72,57,18
2019_1,1001011,1128,425,703,5,208,208,229,276,202,4,68,93,87,89,84,1,140,115,142,187,118
2019_1,1001010,271,61,210,0,33,71,54,58,55,0,6,25,9,11,10,0,27,46,45,47,45
2019_1,1001009,728,463,265,7,152,169,148,143,109,5,80,117,102,78,81,2,72,52,46,65,28
2019_1,1001008,252,151,101,3,56,60,49,42,42,0,31,41,35,19,25,3,25,19,14,23,17
2019_1,1001007,823,262,561,1,44,82,101,184,411,0,22,39,52,68,81,1,22,43,49,116,330
2019_1,1001006,239,117,122,2,26,44,75,59,33,2,15,26,33,27,14,0,11,18,42,32,19
2019_1,1001005,595,309,286,0,73,136,126,128,132,0,19,69,73,60,88,0,54,67,53,68,44
2019_1,1001004,798,504,294,0,63,118,169,221,227,0,22,64,97,144,177,0,41,54,72,77,50
2019_1,1001003,234,103,131,0,32,57,61,52,32,0,14,27,20,22,20,0,18,30,41,30,12
2019_1,1001002,596,264,332,2,45,79,163,161,146,0,19,34,66,67,78,2,26,45,97,94,68
2019_1,1001001,538,316,222,1,43,92,133,151,118,1,14,43,64,99,95,0,29,49,69,52,23
2019_1,1001000,190,83,107,1,27,59,52,30,21,0,4,28,22,16,13,1,23,31,30,14,8
2019_1,1000999,452,225,227,1,58,129,104,98,62,0,26,66,59,43,31,1,32,63,45,55,31
2019_1,1000998,176,99,77,0,26,41,48,41,20,0,15,25,22,22,15,0,11,16,26,19,5
2019_1,1000997,300,100,200,2,53,67,83,65,30,0,7,19,25,30,19,2,46,48,58,35,11
2019_1,1000996,339,117,222,0,70,54,70,88,57,0,25,18,24,22,28,0,45,36,46,66,29
2019_1,1000995,144,84,60,0,13,19,35,43,34,0,6,7,18,26,27,0,7,12,17,17,7
2019_1,1000994,225,145,80,1,28,70,54,44,28,0,14,45,39,28,19,1,14,25,15,16,9
2019_1,1000993,2031,1260,771,3,265,421,479,440,423,1,150,249,287,273,300,2,115,172,192,167,123
2019_1,1000992,233,137,96,1,35,50,56,63,28,0,17,33,33,32,22,1,18,17,23,31,6
2019_1,1000991,741,404,337,3,78,170,192,192,106,2,46,97,111,78,70,1,32,73,81,114,36
2019_1,1000990,395,224,171,0,39,76,116,110,54,0,18,48,70,59,29,0,21,28,46,51,25
2019_1,1000989,342,149,193,1,28,87,85,88,53,0,8,44,43,28,26,1,20,43,42,60,27
2019_1,1000988,500,269,231,0,54,115,124,119,88,0,24,70,75,56,44,0,30,45,49,63,44
2019_1,1000987,170,60,110,4,21,32,43,29,41,1,5,11,15,12,16,3,16,21,28,17,25
2019_1,1000986,655,357,298,1,98,144,176,142,94,1,41,77,106,69,63,0,57,67,70,73,31
2019_1,1000985,257,116,141,0,21,56,97,61,22,0,5,32,46,23,10,0,16,24,51,38,12
2019_1,1000984,1781,1077,704,2,190,280,338,320,651,0,60,164,208,176,469,2,130,116,130,144,182
2019_1,1000983,1516,844,672,2,229,338,313,224,410,1,100,166,161,108,308,1,129,172,152,116,102
2019_1,1000982,437,194,243,2,27,70,108,174,56,2,3,28,41,88,32,0,24,42,67,86,24
2019_1,1000981,649,289,360,0,84,119,129,148,169,0,24,52,52,62,99,0,60,67,77,86,70
2019_1,1000980,489,166,323,1,100,83,119,97,89,1,22,31,52,33,27,0,78,52,67,64,62
2019_1,1000979,488,277,211,2,65,109,151,110,51,0,34,78,89,46,30,2,31,31,62,64,21
2019_1,1000978,405,203,202,0,74,106,105,82,38,0,32,48,59,38,26,0,42,58,46,44,12
2019_1,1000977,459,236,223,3,34,97,95,106,124,2,17,55,55,44,63,1,17,42,40,62,61
2019_1,1000976,150,63,87,0,14,25,38,45,28,0,4,13,16,14,16,0,10,12,22,31,12
2019_1,1000975,128,47,81,0,13,16,18,51,30,0,6,10,6,15,10,0,7,6,12,36,20
2019_1,1000974,278,104,174,2,29,46,81,72,48,0,8,17,30,30,19,2,21,29,51,42,29
2019_1,1000973,207,101,106,2,31,36,37,62,39,2,18,20,15,31,15,0,13,16,22,31,24
2019_1,1000972,468,221,247,1,59,128,123,119,38,1,17,62,65,55,21,0,42,66,58,64,17
2019_1,1000971,57,27,30,0,7,12,15,18,5,0,2,5,8,8,4,0,5,7,7,10,1
2019_1,1000970,206,71,135,0,11,22,20,37,116,0,5,13,11,7,35,0,6,9,9,30,81
2019_1,1000969,143,70,73,0,26,33,38,27,19,0,6,20,23,10,11,0,20,13,15,17,8
2019_1,1000968,402,133,269,2,75,79,87,96,63,0,18,32,30,28,25,2,57,47,57,68,38
2019_1,1000967,1010,604,406,1,147,303,249,194,116,1,72,199,135,111,86,0,75,104,114,83,30
2019_1,1000966,382,136,246,2,55,120,119,61,25,0,10,58,38,14,16,2,45,62,81,47,9
2019_1,1000965,1258,669,589,0,196,262,245,232,323,0,73,118,138,119,221,0,123,144,107,113,102
2019_1,1000964,1661,916,745,3,206,379,406,352,315,3,91,217,255,177,173,0,115,162,151,175,142
2019_1,1000963,1028,605,423,2,146,209,238,250,183,2,58,124,147,130,144,0,88,85,91,120,39
2019_1,1000962,526,238,288,2,83,103,149,113,76,1,27,42,56,56,56,1,56,61,93,57,20
2019_1,1000961,2401,1585,816,21,295,396,409,362,918,3,80,233,235,228,806,18,215,163,174,134,112
2019_1,1000960,1766,868,898,2,315,425,407,417,200,0,143,234,205,180,106,2,172,191,202,237,94
2019_1,1000959,1204,697,507,4,145,264,263,218,310,1,61,156,158,122,199,3,84,108,105,96,111
2019_1,1000958,1601,698,903,5,349,449,375,247,176,0,62,188,199,143,106,5,287,261,176,104,70
2019_1,1000957,1095,695,400,1,125,296,287,237,149,0,63,194,182,146,110,1,62,102,105,91,39
2019_1,1000956,1043,527,516,4,100,169,236,233,301,3,41,102,126,98,157,1,59,67,110,135,144
2019_1,1000955,1818,993,825,1,261,454,489,371,242,0,100,257,268,189,179,1,161,197,221,182,63
2019_1,1000954,1347,638,709,7,244,338,265,257,236,2,80,155,137,114,150,5,164,183,128,143,86
2019_1,1000953,759,472,287,2,95,174,193,191,104,1,46,106,118,127,74,1,49,68,75,64,30
2019_1,1000952,642,357,285,2,67,116,173,149,135,2,32,63,98,86,76,0,35,53,75,63,59
2019_1,1000951,999,627,372,6,221,211,211,201,149,4,129,130,138,119,107,2,92,81,73,82,42
2019_1,1000950,359,208,151,2,49,62,93,76,77,1,25,38,63,42,39,1,24,24,30,34,38
2019_1,1000949,685,373,312,2,106,144,157,159,117,1,45,73,95,83,76,1,61,71,62,76,41
2019_1,1000948,845,530,315,2,129,182,253,143,136,1,67,126,185,79,72,1,62,56,68,64,64
2019_1,1000947,1395,525,870,19,428,269,257,284,138,3,105,108,111,105,93,16,323,161,146,179,45
2019_1,1000946,778,520,258,4,104,184,205,164,117,3,62,123,142,108,82,1,42,61,63,56,35
2019_1,1000945,1977,1404,573,4,136,258,380,296,903,2,37,149,207,168,841,2,99,109,173,128,62
2019_1,1000944,1019,576,443,2,94,122,197,258,346,1,33,67,96,127,252,1,61,55,101,131,94
2019_1,1000943,547,303,244,0,106,151,105,111,74,0,52,96,60,49,46,0,54,55,45,62,28
2019_1,1000942,421,253,168,0,30,57,84,119,131,0,7,28,34,78,106,0,23,29,50,41,25
2019_1,1000941,1179,580,599,2,185,254,365,260,113,0,76,133,173,124,74,2,109,121,192,136,39
2019_1,1000940,588,245,343,2,64,147,174,152,49,0,20,68,72,64,21,2,44,79,102,88,28
2019_1,1000939,1692,650,1042,24,497,527,346,172,126,4,117,215,157,80,77,20,380,312,189,92,49
2019_1,1000938,625,347,278,0,134,175,147,108,61,0,54,106,92,57,38,0,80,69,55,51,23
2019_1,1000937,3119,1317,1802,8,335,518,846,1135,277,3,120,245,369,444,136,5,215,273,477,691,141
2019_1,1000936,1984,823,1161,6,641,708,380,144,105,2,147,295,207,103,69,4,494,413,173,41,36
2019_1,1000935,5013,2759,2254,78,1263,1566,1115,602,389,34,488,844,759,368,266,44,775,722,356,234,123
2019_1,1000934,601,344,257,3,66,100,116,147,169,1,37,65,70,68,103,2,29,35,46,79,66
2019_1,1000933,475,203,272,1,40,74,131,128,101,1,15,49,61,42,35,0,25,25,70,86,66
2019_1,1000932,1301,712,589,5,284,435,276,168,133,1,113,265,188,59,86,4,171,170,88,109,47
2019_1,1000931,12892,9901,2991,20,2435,3519,2608,2322,1988,4,1880,2887,2027,1566,1537,16,555,632,581,756,451
2019_1,1000930,10678,4715,5963,59,2953,2982,2209,1535,940,15,965,1535,1190,597,413,44,1988,1447,1019,938,527
2019_1,1000929,1636,841,795,9,459,570,369,142,87,1,149,320,221,84,66,8,310,250,148,58,21
2019_1,1000928,370,186,184,8,43,57,74,109,79,6,23,29,44,43,41,2,20,28,30,66,38
2019_1,1000927,1683,769,914,9,485,599,317,175,98,0,176,268,176,99,50,9,309,331,141,76,48
2019_1,1000926,1015,507,508,5,252,293,266,116,83,0,87,138,161,73,48,5,165,155,105,43,35
2019_1,1000925,901,386,515,6,189,285,188,132,101,1,46,139,79,63,58,5,143,146,109,69,43
2019_1,1000924,2303,982,1321,12,676,849,423,188,155,5,230,343,228,89,87,7,446,506,195,99,68
2019_1,1000923,1458,803,655,7,273,471,315,202,190,6,83,238,202,129,145,1,190,233,113,73,45
2019_1,1000922,802,433,369,0,123,190,223,183,83,0,44,96,125,110,58,0,79,94,98,73,25
2019_1,1000921,246,121,125,0,40,61,57,59,29,0,21,31,25,29,15,0,19,30,32,30,14
2019_1,1000920,719,293,426,2,152,162,214,134,55,2,45,70,86,53,37,0,107,92,128,81,18
2019_1,1000919,318,114,204,3,55,58,84,81,37,1,13,22,32,26,20,2,42,36,52,55,17
2019_1,1000918,257,118,139,0,51,80,60,45,21,0,19,45,27,18,9,0,32,35,33,27,12
2019_1,1000917,674,329,345,2,146,211,185,82,48,0,48,105,113,43,20,2,98,106,72,39,28
2019_1,1000916,1524,908,616,5,353,496,349,183,138,1,134,300,244,131,98,4,219,196,105,52,40
2019_1,1000915,750,493,257,8,217,250,149,90,36,7,113,182,101,66,24,1,104,68,48,24,12
2019_1,1000914,4240,2060,2180,8,1020,1391,1178,470,173,2,327,748,633,250,100,6,693,643,545,220,73
2019_1,1000913,3670,1718,1952,36,1007,1344,812,322,149,15,299,650,484,176,94,21,708,694,328,146,55
2019_1,1000912,814,406,408,6,201,342,168,64,33,4,57,169,110,41,25,2,144,173,58,23,8
2019_1,1000911,665,310,355,1,208,224,135,60,37,0,73,117,70,27,23,1,135,107,65,33,14
2019_1,1000910,1942,556,1386,21,794,677,276,119,55,3,171,210,92,48,32,18,623,467,184,71,23
2019_1,1000909,2054,1105,949,0,148,204,261,589,852,0,59,133,165,337,411,0,89,71,96,252,441
2019_1,1000908,1159,623,536,2,330,329,274,133,91,0,105,192,169,95,62,2,225,137,105,38,29
2019_1,1000907,2122,1036,1086,5,551,724,489,255,98,1,188,378,279,129,61,4,363,346,210,126,37
2019_1,1000906,617,358,259,1,160,226,136,64,30,1,73,142,86,37,19,0,87,84,50,27,11
2019_1,1000905,430,191,239,5,157,140,70,33,25,3,63,72,25,11,17,2,94,68,45,22,8
2019_1,1000904,4932,3048,1884,84,1545,1421,1012,558,312,33,800,929,720,351,215,51,745,492,292,207,97
2019_1,1000903,1227,821,406,1,126,278,321,308,193,1,82,204,204,194,136,0,44,74,117,114,57
2019_1,1000902,1757,1061,696,5,405,451,439,266,191,2,177,244,289,201,148,3,228,207,150,65,43
2019_1,1000901,1579,905,674,4,318,489,331,250,187,2,142,258,194,169,140,2,176,231,137,81,47
2019_1,1000900,5802,3219,2583,19,931,1482,884,793,1693,8,470,1068,591,399,683,11,461,414,293,394,1010
2019_1,1000899,450,167,283,4,178,119,87,40,22,3,69,40,31,9,15,1,109,79,56,31,7
2019_1,1000898,3912,1986,1926,14,1150,1454,855,289,150,6,381,797,516,187,99,8,769,657,339,102,51
2019_1,1000897,333,192,141,0,82,108,82,41,20,0,25,68,66,23,10,0,57,40,16,18,10
2019_1,1000896,1176,658,518,2,293,304,270,158,149,0,118,166,181,98,95,2,175,138,89,60,54
2019_1,1000895,1262,765,497,6,156,252,283,283,282,2,66,169,178,150,200,4,90,83,105,133,82
2019_1,1000894,1094,678,416,1,215,348,257,154,119,0,92,226,180,100,80,1,123,122,77,54,39
2019_1,1000893,616,389,227,2,111,157,171,106,69,1,59,110,113,64,42,1,52,47,58,42,27
2019_1,1000892,195,98,97,0,15,27,52,62,39,0,8,17,33,22,18,0,7,10,19,40,21
2019_1,1000891,863,571,292,0,100,169,196,217,181,0,45,117,137,130,142,0,55,52,59,87,39
2019_1,1000890,1412,861,551,4,174,324,420,309,181,1,71,191,269,195,134,3,103,133,151,114,47
2019_1,1000889,1134,679,455,3,148,244,309,219,211,0,44,128,196,142,169,3,104,116,113,77,42
2019_1,1000888,1455,762,693,5,403,487,333,144,83,1,130,256,222,94,59,4,273,231,111,50,24
2019_1,1000887,2216,1062,1154,8,553,696,523,256,180,2,177,365,275,123,120,6,376,331,248,133,60
2019_1,1000886,205,104,101,2,45,65,61,17,15,0,12,34,41,10,7,2,33,31,20,7,8
2019_1,1000885,4963,3101,1862,16,1171,1743,1174,605,254,8,518,1068,885,431,191,8,653,675,289,174,63
2019_1,1000884,508,316,192,3,83,102,143,111,66,2,42,63,96,66,47,1,41,39,47,45,19
2019_1,1000883,1200,804,396,6,223,322,303,195,151,4,100,221,220,150,109,2,123,101,83,45,42
2019_1,1000882,1100,651,449,1,142,254,245,268,190,1,75,175,166,125,109,0,67,79,79,143,81
2019_1,1000881,2062,840,1222,5,417,497,537,326,280,3,100,164,192,199,182,2,317,333,345,127,98
2019_1,1000880,853,455,398,3,165,221,248,143,73,2,69,116,136,77,55,1,96,105,112,66,18
2019_1,1000879,626,363,263,2,121,125,165,121,92,2,42,80,114,75,50,0,79,45,51,46,42
2019_1,1000878,140,99,41,0,15,39,36,26,24,0,9,32,27,14,17,0,6,7,9,12,7
2019_1,1000877,986,642,344,2,159,271,224,165,165,0,81,177,171,108,105,2,78,94,53,57,60
2019_1,1000876,2069,1238,831,12,323,505,599,419,211,3,146,314,366,256,153,9,177,191,233,163,58
2019_1,1000875,1829,1175,654,10,290,418,380,273,458,6,136,255,256,171,351,4,154,163,124,102,107
2019_1,1000874,113,57,56,0,21,31,42,12,7,0,5,19,20,7,6,0,16,12,22,5,1
2019_1,1000873,1200,488,712,4,151,295,355,213,182,0,44,121,138,76,109,4,107,174,217,137,73
2019_1,1000872,976,623,353,2,177,273,251,155,118,1,92,175,182,94,79,1,85,98,69,61,39
2019_1,1000871,2284,1370,914,16,504,691,572,340,161,7,217,415,398,220,113,9,287,276,174,120,48
2019_1,1000870,1817,1017,800,9,314,504,425,301,264,3,105,254,257,191,207,6,209,250,168,110,57
2019_1,1000869,475,283,192,1,64,115,151,87,57,1,22,75,112,49,24,0,42,40,39,38,33
2019_1,1000868,184,97,87,0,47,58,47,23,9,0,19,31,28,12,7,0,28,27,19,11,2
2019_1,1000867,832,467,365,2,148,210,232,156,84,2,77,121,133,88,46,0,71,89,99,68,38
2019_1,1000866,1570,822,748,6,388,444,377,216,139,3,148,212,227,147,85,3,240,232,150,69,54
2019_1,1000865,1517,930,587,2,335,470,335,219,156,0,138,296,227,151,118,2,197,174,108,68,38
2019_1,1000864,1401,1059,342,4,192,603,365,160,77,2,78,500,301,126,52,2,114,103,64,34,25
2019_1,1000863,1616,1052,564,3,182,296,351,330,454,1,67,175,228,241,340,2,115,121,123,89,114
2019_1,1000862,1631,811,820,3,323,512,449,235,109,2,156,301,223,60,69,1,167,211,226,175,40
2019_1,1000861,572,357,215,2,124,149,158,88,51,2,59,88,110,62,36,0,65,61,48,26,15
2019_1,1000860,2680,1675,1005,18,305,507,429,662,759,11,137,336,309,433,449,7,168,171,120,229,310
2019_1,1000859,3566,2408,1158,9,552,936,925,641,503,0,261,621,673,461,392,9,291,315,252,180,111
2019_1,1000858,778,443,335,2,99,170,186,189,132,2,43,103,126,107,62,0,56,67,60,82,70
2019_1,1000857,1027,654,373,1,104,230,332,187,173,0,49,135,223,125,122,1,55,95,109,62,51
2019_1,1000856,1766,854,912,8,231,356,429,436,306,5,116,226,216,161,130,3,115,130,213,275,176
2019_1,1000855,705,349,356,35,282,166,103,62,57,10,136,113,41,26,23,25,146,53,62,36,34
2019_1,1000854,1471,899,572,2,183,423,317,221,325,1,76,290,233,138,161,1,107,133,84,83,164
2019_1,1000853,1171,582,589,3,312,305,245,186,120,2,104,151,140,112,73,1,208,154,105,74,47
2019_1,1000852,2566,1675,891,5,489,654,667,485,266,1,249,417,462,362,184,4,240,237,205,123,82
2019_1,1000851,1537,893,644,2,198,381,352,317,287,1,98,268,239,165,122,1,100,113,113,152,165
2019_1,1000850,11681,5256,6425,103,3243,2781,2532,2196,826,68,1509,1673,1085,570,351,35,1734,1108,1447,1626,475
2019_1,1000849,1320,698,622,3,189,358,348,267,155,2,68,203,204,123,98,1,121,155,144,144,57
2019_1,1000848,3467,2349,1118,7,712,1201,879,428,240,1,354,816,686,318,174,6,358,385,193,110,66
2019_1,1000847,3715,1907,1808,10,477,880,769,659,920,2,140,409,454,344,558,8,337,471,315,315,362
2019_1,1000846,2349,1567,782,6,271,563,588,492,429,1,135,379,394,329,329,5,136,184,194,163,100
2019_1,1000845,1774,1234,540,3,388,617,394,215,157,1,242,469,293,132,97,2,146,148,101,83,60
2019_1,1000844,2739,1882,857,8,491,810,688,480,262,5,240,577,530,341,189,3,251,233,158,139,73
2019_1,1000843,72,23,49,0,9,16,12,16,19,0,3,5,4,5,6,0,6,11,8,11,13
2019_1,1000842,109,44,65,1,6,16,15,32,39,0,0,6,9,10,19,1,6,10,6,22,20
2019_1,1000841,14,8,6,0,3,3,2,4,2,0,1,3,1,2,1,0,2,0,1,2,1
2019_1,1000840,64,25,39,0,11,12,18,10,13,0,5,7,9,2,2,0,6,5,9,8,11
2019_1,1000839,775,346,429,5,121,143,202,181,123,3,53,73,107,55,55,2,68,70,95,126,68
2019_1,1000838,89,42,47,0,8,19,24,21,17,0,2,11,11,9,9,0,6,8,13,12,8
2019_1,1000837,851,610,241,6,135,223,197,158,132,2,64,169,156,116,103,4,71,54,41,42,29
2019_1,1000836,514,247,267,0,67,86,104,119,138,0,17,33,53,55,89,0,50,53,51,64,49
2019_1,1000835,273,123,150,2,57,58,59,49,48,0,16,31,34,17,25,2,41,27,25,32,23
2019_1,1000834,471,291,180,1,60,80,141,104,85,0,27,42,89,67,66,1,33,38,52,37,19
2019_1,1000833,234,96,138,0,33,68,64,51,18,0,11,31,24,20,10,0,22,37,40,31,8
2019_1,1000832,157,49,108,1,16,35,33,33,39,1,3,15,11,6,13,0,13,20,22,27,26
2019_1,1000831,1122,778,344,1,141,315,263,307,95,1,94,225,189,209,60,0,47,90,74,98,35
2019_1,1000830,374,192,182,0,39,74,104,116,41,0,10,47,58,59,18,0,29,27,46,57,23
2019_1,1000829,510,261,249,0,73,109,118,132,78,0,29,56,60,68,48,0,44,53,58,64,30
2019_1,1000828,290,128,162,0,31,60,67,89,43,0,7,31,29,36,25,0,24,29,38,53,18
2019_1,1000827,527,241,286,0,92,125,138,97,75,0,27,72,64,42,36,0,65,53,74,55,39
2019_1,1000826,71,43,28,0,7,28,19,13,4,0,2,19,11,7,4,0,5,9,8,6,0
2019_1,1000825,100,51,49,3,12,13,30,28,14,1,6,7,17,13,7,2,6,6,13,15,7
2019_1,1000824,128,63,65,1,14,28,31,33,21,0,1,10,22,16,14,1,13,18,9,17,7
2019_1,1000823,157,60,97,0,16,45,43,29,24,0,2,19,18,8,13,0,14,26,25,21,11
2019_1,1000822,120,79,41,0,9,27,28,39,17,0,4,19,18,29,9,0,5,8,10,10,8
2019_1,1000821,115,61,54,0,21,32,20,21,21,0,12,23,8,6,12,0,9,9,12,15,9
2019_1,1000820,280,139,141,0,56,67,65,49,43,0,27,34,30,18,30,0,29,33,35,31,13
2019_1,1000819,72,36,36,0,7,16,13,21,15,0,4,8,4,12,8,0,3,8,9,9,7
2019_1,1000818,85,36,49,0,10,10,25,24,16,0,5,5,7,10,9,0,5,5,18,14,7
2019_1,1000817,782,508,274,1,57,91,185,214,234,1,26,43,95,150,193,0,31,48,90,64,41
2019_1,1000816,109,55,54,0,34,20,33,14,8,0,16,11,17,7,4,0,18,9,16,7,4
2019_1,1000815,230,123,107,2,46,51,53,44,34,2,21,31,32,18,19,0,25,20,21,26,15
2019_1,1000814,678,452,226,4,68,133,203,162,108,3,37,84,142,111,75,1,31,49,61,51,33
2019_1,1000813,70,44,26,0,3,19,19,12,17,0,2,16,12,5,9,0,1,3,7,7,8
2019_1,1000812,303,117,186,0,31,53,83,73,63,0,7,18,37,31,24,0,24,35,46,42,39
2019_1,1000811,222,83,139,0,23,47,52,77,23,0,6,13,19,30,15,0,17,34,33,47,8
2019_1,1000810,87,41,46,1,12,14,21,24,15,0,5,5,11,13,7,1,7,9,10,11,8
2019_1,1000809,92,34,58,0,17,17,24,20,14,0,3,6,11,7,7,0,14,11,13,13,7
2019_1,1000808,42,20,22,1,4,14,12,7,4,1,2,8,3,4,2,0,2,6,9,3,2
2019_1,1000807,263,113,150,0,12,31,67,71,82,0,5,14,30,31,33,0,7,17,37,40,49
2019_1,1000806,97,41,56,0,13,18,27,26,13,0,4,9,9,10,9,0,9,9,18,16,4
2019_1,1000805,20,7,13,0,1,4,2,3,10,0,0,3,1,2,1,0,1,1,1,1,9
2019_1,1000804,295,112,183,0,33,76,80,70,36,0,11,31,30,19,21,0,22,45,50,51,15
2019_1,1000803,81,29,52,0,11,17,23,19,11,0,1,6,12,5,5,0,10,11,11,14,6
2019_1,1000802,241,102,139,0,32,48,85,45,31,0,10,19,39,16,18,0,22,29,46,29,13
2019_1,1000801,1320,684,636,0,285,296,248,313,178,0,88,165,142,156,133,0,197,131,106,157,45
2019_1,1000800,431,195,236,1,60,114,108,95,53,0,17,62,40,49,27,1,43,52,68,46,26
2019_1,1000799,297,109,188,2,63,44,44,104,40,1,36,30,20,14,8,1,27,14,24,90,32
2019_1,1000798,732,344,388,5,65,120,164,222,156,0,23,51,74,105,91,5,42,69,90,117,65
2019_1,1000797,551,235,316,0,64,105,139,161,82,0,27,52,63,61,32,0,37,53,76,100,50
2019_1,1000796,488,212,276,0,93,121,109,96,69,0,21,51,56,47,37,0,72,70,53,49,32
2019_1,1000795,415,187,228,0,64,66,91,114,80,0,22,38,40,48,39,0,42,28,51,66,41
2019_1,1000794,183,55,128,0,17,44,59,38,25,0,5,5,19,10,16,0,12,39,40,28,9
2019_1,1000793,304,165,139,2,29,51,75,78,69,1,16,33,45,38,32,1,13,18,30,40,37
2019_1,1000792,105,37,68,1,14,25,22,25,18,0,2,8,10,9,8,1,12,17,12,16,10
2019_1,1000791,132,48,84,1,32,22,29,25,23,0,11,7,10,9,11,1,21,15,19,16,12
2019_1,1000790,95,42,53,0,7,21,32,28,7,0,5,12,13,9,3,0,2,9,19,19,4
2019_1,1000789,74,22,52,0,4,20,18,16,16,0,2,9,2,3,6,0,2,11,16,13,10
2019_1,1000788,162,89,73,0,18,43,38,46,17,0,12,26,18,23,10,0,6,17,20,23,7
2019_1,1000787,87,42,45,1,4,21,24,32,5,0,3,14,12,10,3,1,1,7,12,22,2
2019_1,1000786,250,86,164,0,31,45,93,54,27,0,16,17,20,19,14,0,15,28,73,35,13
2019_1,1000785,169,69,100,1,27,26,47,44,24,1,6,7,21,21,13,0,21,19,26,23,11
2019_1,1000784,220,138,82,0,19,38,66,57,40,0,5,24,44,33,32,0,14,14,22,24,8
2019_1,1000783,240,89,151,0,40,51,58,55,36,0,8,15,27,24,15,0,32,36,31,31,21
2019_1,1000782,190,63,127,0,30,37,43,44,36,0,8,13,16,14,12,0,22,24,27,30,24
2019_1,1000781,275,154,121,1,73,57,50,55,39,0,46,38,23,21,26,1,27,19,27,34,13
2019_1,1000780,577,355,222,1,96,110,154,133,83,0,35,71,103,89,57,1,61,39,51,44,26
2019_1,1000779,118,56,62,1,35,25,25,22,10,0,17,15,13,6,5,1,18,10,12,16,5
2019_1,1000778,80,30,50,2,14,15,16,19,14,2,3,8,7,5,5,0,11,7,9,14,9
2019_1,1000777,141,89,52,0,19,28,37,37,20,0,12,14,26,23,14,0,7,14,11,14,6
2019_1,1000776,528,379,149,0,189,154,61,59,65,0,165,109,34,32,39,0,24,45,27,27,26
2019_1,1000775,500,325,175,0,30,72,138,184,76,0,8,34,106,140,37,0,22,38,32,44,39
2019_1,1000774,1325,584,741,3,140,264,327,316,275,0,64,136,134,118,132,3,76,128,193,198,143
2019_1,1000773,1107,677,430,1,85,187,206,273,355,1,52,131,124,149,220,0,33,56,82,124,135
2019_1,1000772,330,169,161,0,48,81,86,75,40,0,23,44,47,35,20,0,25,37,39,40,20
2019_1,1000771,70,26,44,1,6,15,11,25,12,1,4,5,3,8,5,0,2,10,8,17,7
2019_1,1000770,260,146,114,1,37,51,69,66,36,1,9,30,42,42,22,0,28,21,27,24,14
2019_1,1000769,137,46,91,0,25,15,34,41,22,0,5,7,12,11,11,0,20,8,22,30,11
2019_1,1000768,244,90,154,0,36,66,58,45,39,0,7,21,21,18,23,0,29,45,37,27,16
2019_1,1000767,69,25,44,0,11,22,17,11,8,0,5,9,5,3,3,0,6,13,12,8,5
2019_1,1000766,410,152,258,3,42,61,95,98,111,1,14,35,42,29,31,2,28,26,53,69,80
2019_1,1000765,137,60,77,2,12,27,32,38,26,1,6,15,15,14,9,1,6,12,17,24,17
2019_1,1000764,170,59,111,0,16,41,60,31,22,0,3,11,22,11,12,0,13,30,38,20,10
2019_1,1000763,23,12,11,0,3,2,7,6,5,0,2,2,3,2,3,0,1,0,4,4,2
2019_1,1000762,25,13,12,0,2,6,5,6,6,0,1,2,4,2,4,0,1,4,1,4,2
2019_1,1000761,515,204,311,7,78,125,141,89,75,1,28,56,52,32,35,6,50,69,89,57,40
2019_1,1000760,357,157,200,2,59,98,80,78,40,1,22,51,31,22,30,1,37,47,49,56,10
2019_1,1000759,221,156,65,1,20,60,68,38,34,1,12,46,45,28,24,0,8,14,23,10,10
2019_1,1000758,199,88,111,0,24,47,54,41,33,0,14,24,25,14,11,0,10,23,29,27,22
2019_1,1000757,452,203,249,4,47,76,105,136,84,1,22,38,50,59,33,3,25,38,55,77,51
2019_1,1000756,163,83,80,0,26,49,45,35,8,0,7,23,28,20,5,0,19,26,17,15,3
2019_1,1000755,474,257,217,0,80,115,128,105,46,0,36,63,75,48,35,0,44,52,53,57,11
2019_1,1000754,343,236,107,2,60,75,82,77,47,2,37,42,54,60,41,0,23,33,28,17,6
2019_1,1000753,181,112,69,0,6,32,53,37,53,0,4,19,31,20,38,0,2,13,22,17,15
2019_1,1000752,208,94,114,0,21,31,72,51,33,0,11,17,31,19,16,0,10,14,41,32,17
2019_1,1000751,133,108,25,1,6,24,39,48,15,1,5,17,30,42,13,0,1,7,9,6,2
2019_1,1000750,72,18,54,0,3,15,16,18,20,0,1,5,3,4,5,0,2,10,13,14,15
2019_1,1000749,99,55,44,0,8,25,30,21,15,0,5,20,15,11,4,0,3,5,15,10,11
2019_1,1000748,274,185,89,0,11,21,61,73,108,0,4,9,29,46,97,0,7,12,32,27,11
2019_1,1000747,169,73,96,1,14,41,43,43,27,0,4,17,17,17,18,1,10,24,26,26,9
2019_1,1000746,237,80,157,0,35,29,62,80,31,0,10,7,18,32,13,0,25,22,44,48,18
2019_1,1000745,168,95,73,1,34,44,28,24,37,0,18,28,18,11,20,1,16,16,10,13,17
2019_1,1000744,407,209,198,3,46,91,83,96,88,3,18,50,47,43,48,0,28,41,36,53,40
2019_1,1000743,370,158,212,0,61,72,106,69,62,0,21,35,48,28,26,0,40,37,58,41,36
2019_1,1000742,869,88,781,0,68,87,195,376,143,0,12,21,19,24,12,0,56,66,176,352,131
2019_1,1000741,340,183,157,3,48,96,106,60,27,2,22,52,62,30,15,1,26,44,44,30,12
2019_1,1000740,255,56,199,1,26,45,41,85,57,0,5,13,10,13,15,1,21,32,31,72,42
2019_1,1000739,760,429,331,1,103,192,209,157,98,1,23,93,138,98,76,0,80,99,71,59,22
2019_1,1000738,405,185,220,1,42,67,99,108,88,0,12,29,52,43,49,1,30,38,47,65,39
2019_1,1000737,225,169,56,0,17,34,43,62,69,0,13,23,27,47,59,0,4,11,16,15,10
2019_1,1000736,90,41,49,0,11,18,27,28,6,0,2,9,16,11,3,0,9,9,11,17,3
2019_1,1000735,281,78,203,0,39,57,59,88,38,0,9,22,18,21,8,0,30,35,41,67,30
2019_1,1000734,55,34,21,1,10,13,12,12,7,0,6,8,9,7,4,1,4,5,3,5,3
2019_1,1000733,182,71,111,0,15,43,69,37,18,0,5,16,26,13,11,0,10,27,43,24,7
2019_1,1000732,325,200,125,1,43,56,86,93,46,1,17,34,49,63,36,0,26,22,37,30,10
2019_1,1000731,1150,316,834,11,261,264,232,238,144,4,40,82,83,53,54,7,221,182,149,185,90
2019_1,1000730,64,35,29,0,4,17,7,17,19,0,2,7,4,7,15,0,2,10,3,10,4
2019_1,1000729,231,107,124,0,36,66,65,35,29,0,8,32,27,18,22,0,28,34,38,17,7
2019_1,1000728,547,317,230,2,76,123,159,119,68,0,34,71,104,62,46,2,42,52,55,57,22
2019_1,1000727,492,278,214,1,51,120,157,105,58,1,20,63,86,66,42,0,31,57,71,39,16
2019_1,1000726,556,370,186,1,57,158,163,104,73,0,23,105,119,61,62,1,34,53,44,43,11
2019_1,1000725,438,313,125,0,48,98,131,95,66,0,24,67,98,69,55,0,24,31,33,26,11
2019_1,1000724,912,623,289,0,30,79,170,288,345,0,15,42,121,205,240,0,15,37,49,83,105
2019_1,1000723,178,106,72,4,20,37,56,35,26,4,10,23,30,21,18,0,10,14,26,14,8
2019_1,1000722,363,187,176,0,50,93,80,85,55,0,26,39,37,41,44,0,24,54,43,44,11
2019_1,1000721,753,535,218,3,121,171,179,180,99,1,52,119,140,143,80,2,69,52,39,37,19
2019_1,1000720,1980,1233,747,7,415,652,475,241,190,5,193,418,333,149,135,2,222,234,142,92,55
2019_1,1000719,5726,4125,1601,22,1130,2227,1531,617,199,0,552,1758,1247,428,140,22,578,469,284,189,59
2019_1,1000718,136,58,78,1,21,20,44,37,13,1,8,13,18,14,4,0,13,7,26,23,9
2019_1,1000717,214,77,137,1,45,42,42,48,36,1,7,13,17,25,14,0,38,29,25,23,22
2019_1,1000716,67,25,42,0,11,15,19,14,8,0,2,8,8,4,3,0,9,7,11,10,5
2019_1,1000715,178,61,117,0,16,45,49,42,26,0,2,12,16,14,17,0,14,33,33,28,9
2019_1,1000714,217,115,102,0,31,59,56,49,22,0,7,34,26,31,17,0,24,25,30,18,5
2019_1,1000713,221,127,94,0,12,50,54,58,47,0,7,30,30,36,24,0,5,20,24,22,23
2019_1,1000712,2709,1532,1177,8,443,716,680,498,364,7,220,449,343,256,257,1,223,267,337,242,107
2019_1,1000711,497,284,213,1,37,74,185,135,65,1,13,36,110,87,37,0,24,38,75,48,28
2019_1,1000710,795,423,372,2,131,159,200,197,106,1,53,88,125,89,67,1,78,71,75,108,39
2019_1,1000709,88,55,33,0,13,25,18,13,19,0,5,17,12,7,14,0,8,8,6,6,5
2019_1,1000708,207,86,121,0,21,44,56,56,30,0,9,20,16,23,18,0,12,24,40,33,12
2019_1,1000707,269,116,153,0,26,74,78,58,33,0,5,39,31,27,14,0,21,35,47,31,19
2019_1,1000706,77,45,32,0,8,20,18,18,13,0,4,10,11,12,8,0,4,10,7,6,5
2019_1,1000705,239,89,150,0,36,46,54,60,43,0,10,21,18,29,11,0,26,25,36,31,32
2019_1,1000704,139,52,87,1,6,21,38,50,23,0,2,11,26,10,3,1,4,10,12,40,20
2019_1,1000703,510,298,212,2,69,149,150,87,53,1,26,88,93,50,40,1,43,61,57,37,13
2019_1,1000702,210,138,72,0,11,24,24,35,116,0,2,16,14,16,90,0,9,8,10,19,26
2019_1,1000701,75,41,34,0,7,13,27,14,14,0,4,7,14,8,8,0,3,6,13,6,6
2019_1,1000700,689,494,195,1,45,96,176,253,118,0,30,67,120,187,90,1,15,29,56,66,28
2019_1,1000699,125,69,56,0,13,20,31,30,31,0,5,6,22,16,20,0,8,14,9,14,11
2019_1,1000698,473,207,266,0,33,78,104,159,99,0,8,39,42,73,45,0,25,39,62,86,54
2019_1,1000697,122,64,58,0,5,17,25,45,30,0,4,10,15,22,13,0,1,7,10,23,17
2019_1,1000696,612,298,314,0,59,136,142,179,96,0,10,70,78,94,46,0,49,66,64,85,50
2019_1,1000695,453,257,196,1,77,70,121,114,70,0,20,41,74,67,55,1,57,29,47,47,15
2019_1,1000694,1091,551,540,1,111,210,313,284,172,1,49,118,153,123,107,0,62,92,160,161,65
2019_1,1000693,1199,673,526,0,114,217,310,355,203,0,50,114,178,210,121,0,64,103,132,145,82
2019_1,1000692,131,62,69,0,11,21,44,35,20,0,4,7,23,14,14,0,7,14,21,21,6
2019_1,1000691,2976,1859,1117,7,223,546,891,1030,279,2,109,407,606,574,161,5,114,139,285,456,118
2019_1,1000690,1156,757,399,4,156,303,304,232,157,1,75,205,187,161,128,3,81,98,117,71,29
2019_1,1000689,14894,6860,8034,80,3950,4439,3612,1882,931,18,1343,2176,1661,1029,633,62,2607,2263,1951,853,298
2019_1,1000688,1503,917,586,6,235,418,336,306,202,3,101,246,214,192,161,3,134,172,122,114,41
2019_1,1000687,3178,1840,1338,1,578,800,738,540,521,1,179,435,488,382,355,0,399,365,250,158,166
2019_1,1000686,547,414,133,1,60,93,119,173,101,0,31,70,89,134,90,1,29,23,30,39,11
2019_1,1000685,1766,1254,512,5,166,339,444,500,312,1,107,225,312,360,249,4,59,114,132,140,63
2019_1,1000684,1318,881,437,2,199,307,271,324,215,0,104,194,185,235,163,2,95,113,86,89,52
2019_1,1000683,117,82,35,0,6,22,24,32,33,0,3,13,19,21,26,0,3,9,5,11,7
2019_1,1000682,294,118,176,1,41,66,70,74,42,1,7,33,29,27,21,0,34,33,41,47,21
2019_1,1000681,133,71,62,0,14,24,51,27,17,0,6,10,26,15,14,0,8,14,25,12,3
2019_1,1000680,1287,321,966,0,137,107,135,238,670,0,26,40,46,44,165,0,111,67,89,194,505
2019_1,1000679,2087,1051,1036,28,726,821,337,112,63,9,366,461,132,46,37,19,360,360,205,66,26
2019_1,1000678,131,33,98,0,7,15,34,46,29,0,4,4,10,10,5,0,3,11,24,36,24
2019_1,1000677,277,137,140,0,30,71,84,65,27,0,15,28,35,37,22,0,15,43,49,28,5
2019_1,1000676,323,190,133,0,21,39,78,69,116,0,10,23,39,30,88,0,11,16,39,39,28
2019_1,1000675,195,80,115,0,23,37,36,61,38,0,9,24,13,19,15,0,14,13,23,42,23
2019_1,1000674,220,103,117,0,25,36,59,58,42,0,4,10,25,30,34,0,21,26,34,28,8
2019_1,1000673,637,341,296,0,103,133,172,151,78,0,32,61,106,96,46,0,71,72,66,55,32
2019_1,1000672,395,255,140,2,73,93,91,91,45,2,45,72,49,57,30,0,28,21,42,34,15
2019_1,1000671,315,115,200,1,32,56,108,85,33,0,11,25,37,23,19,1,21,31,71,62,14
2019_1,1000670,356,286,70,2,14,25,76,150,89,2,8,13,58,126,79,0,6,12,18,24,10
2019_1,1000669,903,631,272,3,95,115,225,274,191,1,65,81,139,183,162,2,30,34,86,91,29
2019_1,1000668,3300,2210,1090,11,464,909,874,757,285,9,281,682,578,468,192,2,183,227,296,289,93
2019_1,1000667,216,105,111,0,13,25,47,77,54,0,5,13,23,37,27,0,8,12,24,40,27
2019_1,1000666,90,37,53,0,7,9,19,39,16,0,1,2,8,16,10,0,6,7,11,23,6
2019_1,1000665,111,51,60,0,11,12,34,38,16,0,8,6,13,18,6,0,3,6,21,20,10
2019_1,1000664,175,62,113,0,17,26,52,48,32,0,4,11,14,18,15,0,13,15,38,30,17
2019_1,1000663,306,187,119,0,11,25,55,104,111,0,6,13,30,63,75,0,5,12,25,41,36
2019_1,1000662,109,51,58,0,10,17,28,34,20,0,6,12,12,14,7,0,4,5,16,20,13
2019_1,1000661,208,81,127,0,29,35,59,65,20,0,12,17,17,22,13,0,17,18,42,43,7
2019_1,1000660,1855,1493,362,1,85,125,152,208,1284,0,20,56,72,126,1219,1,65,69,80,82,65
2019_1,1000659,272,154,118,0,45,51,58,82,36,0,31,38,31,37,17,0,14,13,27,45,19
2019_1,1000658,57,12,45,0,4,10,13,18,12,0,1,3,2,3,3,0,3,7,11,15,9
2019_1,1000657,156,73,83,0,14,22,42,46,32,0,8,14,19,18,14,0,6,8,23,28,18
2019_1,1000656,80,47,33,1,4,13,24,25,13,0,2,8,15,13,9,1,2,5,9,12,4
2019_1,1000655,664,460,204,2,75,138,206,156,87,1,61,100,143,91,64,1,14,38,63,65,23
2019_1,1000654,1487,1165,322,3,127,323,394,414,226,2,100,271,299,309,184,1,27,52,95,105,42
2019_1,1000653,1556,955,601,9,186,220,289,317,535,5,93,118,151,155,433,4,93,102,138,162,102
2019_1,1000652,133,72,61,0,11,20,38,38,26,0,4,12,12,24,20,0,7,8,26,14,6
2019_1,1000651,36,26,10,0,6,8,7,7,8,0,2,6,6,6,6,0,4,2,1,1,2
2019_1,1000650,489,190,299,0,57,120,106,131,75,0,15,60,50,36,29,0,42,60,56,95,46
2019_1,1000649,406,254,152,3,40,83,97,112,71,3,25,60,57,70,39,0,15,23,40,42,32
2019_1,1000648,560,342,218,2,177,158,90,89,44,1,108,114,45,44,30,1,69,44,45,45,14
2019_1,1000647,499,419,80,0,16,37,89,166,191,0,9,21,62,146,181,0,7,16,27,20,10
2019_1,1000646,174,109,65,0,21,37,60,36,20,0,13,22,39,23,12,0,8,15,21,13,8
2019_1,1000645,242,111,131,0,36,65,76,41,24,0,11,32,41,13,14,0,25,33,35,28,10
2019_1,1000644,1383,588,795,5,284,296,329,264,205,2,104,135,141,97,109,3,180,161,188,167,96
2019_1,1000643,2405,1146,1259,5,449,760,652,317,222,1,170,376,276,157,166,4,279,384,376,160,56
2019_1,1000642,66,33,33,0,5,17,12,20,12,0,1,9,7,10,6,0,4,8,5,10,6
2019_1,1000641,301,109,192,1,23,53,72,78,74,1,8,24,27,28,21,0,15,29,45,50,53
2019_1,1000640,63,22,41,0,6,13,21,17,6,0,2,5,7,6,2,0,4,8,14,11,4
2019_1,1000639,151,49,102,0,34,35,38,18,26,0,4,10,13,6,16,0,30,25,25,12,10
2019_1,1000638,137,47,90,0,11,33,52,25,16,0,3,11,13,11,9,0,8,22,39,14,7
2019_1,1000637,198,83,115,0,31,36,49,44,38,0,8,11,16,17,31,0,23,25,33,27,7
2019_1,1000636,394,294,100,1,37,59,86,139,72,1,29,42,55,104,63,0,8,17,31,35,9
2019_1,1000635,215,159,56,1,11,34,79,71,19,1,8,24,55,55,16,0,3,10,24,16,3
2019_1,1000634,1007,601,406,0,88,124,210,333,252,0,29,69,116,215,172,0,59,55,94,118,80
2019_1,1000633,362,177,185,0,37,64,100,88,73,0,10,31,48,47,41,0,27,33,52,41,32
2019_1,1000632,256,73,183,0,27,48,75,60,46,0,3,17,28,16,9,0,24,31,47,44,37
2019_1,1000631,138,77,61,0,14,22,32,38,32,0,6,10,13,25,23,0,8,12,19,13,9
2019_1,1000630,200,98,102,0,22,36,58,54,30,0,9,17,26,24,22,0,13,19,32,30,8
2019_1,1000629,197,82,115,0,16,36,42,58,45,0,8,18,15,21,20,0,8,18,27,37,25
2019_1,1000628,348,105,243,0,29,34,57,123,105,0,7,13,28,34,23,0,22,21,29,89,82
2019_1,1000627,57,21,36,0,9,7,6,21,14,0,2,3,3,6,7,0,7,4,3,15,7
2019_1,1000626,101,51,50,0,23,24,28,20,6,0,8,12,19,9,3,0,15,12,9,11,3
2019_1,1000625,1325,864,461,5,184,376,358,263,139,1,84,273,273,147,86,4,100,103,85,116,53
2019_1,1000624,90,45,45,0,4,12,31,31,12,0,3,7,17,11,7,0,1,5,14,20,5
2019_1,1000623,105,32,73,0,7,11,33,34,20,0,3,2,8,10,9,0,4,9,25,24,11
2019_1,1000622,202,105,97,0,26,29,47,76,24,0,11,15,21,43,15,0,15,14,26,33,9
2019_1,1000621,194,89,105,0,21,26,56,54,37,0,13,13,24,22,17,0,8,13,32,32,20
2019_1,1000620,661,183,478,1,141,128,146,176,69,0,28,40,50,35,30,1,113,88,96,141,39
2019_1,1000619,251,91,160,0,15,33,72,83,48,0,5,17,24,21,24,0,10,16,48,62,24
2019_1,1000618,117,37,80,1,9,20,37,31,19,1,4,10,13,5,4,0,5,10,24,26,15
2019_1,1000617,281,130,151,2,53,75,57,52,42,1,15,38,28,19,29,1,38,37,29,33,13
2019_1,1000616,267,130,137,1,24,42,71,75,54,1,11,27,33,30,28,0,13,15,38,45,26
2019_1,1000615,3645,2157,1488,0,47,90,169,408,2931,0,17,37,78,194,1831,0,30,53,91,214,1100
2019_1,1000614,857,511,346,3,108,149,204,218,175,3,56,85,116,127,124,0,52,64,88,91,51
2019_1,1000613,453,189,264,0,49,83,142,114,65,0,16,36,53,50,34,0,33,47,89,64,31
2019_1,1000612,67,40,27,0,13,11,20,19,4,0,6,5,12,15,2,0,7,6,8,4,2
2019_1,1000611,194,73,121,0,32,29,54,51,28,0,5,15,17,18,18,0,27,14,37,33,10
2019_1,1000610,104,48,56,0,10,20,24,32,18,0,5,5,11,18,9,0,5,15,13,14,9
2019_1,1000609,122,39,83,0,27,28,30,30,7,0,5,8,10,13,3,0,22,20,20,17,4
2019_1,1000608,787,442,345,0,91,167,197,180,152,0,46,100,125,99,72,0,45,67,72,81,80
2019_1,1000607,376,174,202,0,69,85,96,87,39,0,22,36,43,44,29,0,47,49,53,43,10
2019_1,1000606,1075,841,234,0,47,134,239,329,326,0,23,82,176,277,283,0,24,52,63,52,43
2019_1,1000605,399,148,251,0,89,71,91,74,74,0,25,38,37,21,27,0,64,33,54,53,47
2019_1,1000604,556,271,285,3,81,118,148,134,72,2,39,61,64,66,39,1,42,57,84,68,33
2019_1,1000603,203,86,117,0,20,42,63,51,27,0,6,19,27,21,13,0,14,23,36,30,14
2019_1,1000602,298,95,203,2,80,76,73,43,24,0,6,22,31,20,16,2,74,54,42,23,8
2019_1,1000601,97,24,73,0,17,19,24,20,17,0,4,3,5,6,6,0,13,16,19,14,11
2019_1,1000600,251,107,144,0,15,40,54,69,73,0,4,20,29,28,26,0,11,20,25,41,47
2019_1,1000599,138,71,67,1,19,32,32,33,21,0,9,22,17,11,12,1,10,10,15,22,9
2019_1,1000598,241,104,137,1,21,36,70,69,44,1,3,19,26,33,22,0,18,17,44,36,22
2019_1,1000597,630,439,191,3,52,104,126,191,154,3,22,58,81,144,131,0,30,46,45,47,23
2019_1,1000596,271,99,172,0,20,47,90,70,44,0,8,18,14,29,30,0,12,29,76,41,14
2019_1,1000595,770,492,278,0,77,208,252,152,81,0,32,116,174,113,57,0,45,92,78,39,24
2019_1,1000594,279,158,121,1,24,57,83,77,37,0,14,30,49,38,27,1,10,27,34,39,10
2019_1,1000593,266,88,178,0,12,36,65,79,74,0,3,16,29,22,18,0,9,20,36,57,56
2019_1,1000592,372,143,229,2,32,73,70,99,96,0,11,34,28,32,38,2,21,39,42,67,58
2019_1,1000591,257,114,143,1,28,50,75,62,41,0,7,24,31,28,24,1,21,26,44,34,17
2019_1,1000590,772,497,275,2,90,174,292,144,70,0,48,110,206,90,43,2,42,64,86,54,27
2019_1,1000589,581,427,154,2,45,107,148,156,123,0,24,73,112,121,97,2,21,34,36,35,26
2019_1,1000588,306,146,160,1,31,61,77,85,51,1,13,32,42,30,28,0,18,29,35,55,23
2019_1,1000587,428,274,154,0,33,86,67,101,141,0,10,44,37,61,122,0,23,42,30,40,19
2019_1,1000586,300,169,131,3,21,49,109,71,47,3,12,30,66,38,20,0,9,19,43,33,27
2019_1,1000585,403,142,261,2,58,99,104,90,50,0,15,31,41,34,21,2,43,68,63,56,29
2019_1,1000584,131,80,51,0,10,26,38,33,24,0,5,16,22,19,18,0,5,10,16,14,6
2019_1,1000583,441,299,142,0,42,109,131,112,47,0,18,73,93,83,32,0,24,36,38,29,15
2019_1,1000582,164,55,109,1,27,43,34,26,33,0,12,16,9,9,9,1,15,27,25,17,24
2019_1,1000581,452,263,189,3,76,108,109,116,40,1,32,72,64,66,28,2,44,36,45,50,12
2019_1,1000580,427,204,223,2,46,90,109,107,73,0,17,46,64,42,35,2,29,44,45,65,38
2019_1,1000579,335,255,80,2,44,109,87,65,28,2,23,82,78,48,22,0,21,27,9,17,6
2019_1,1000578,895,496,399,0,99,233,166,212,185,0,27,83,91,156,139,0,72,150,75,56,46
2019_1,1000577,1296,819,477,7,207,298,312,271,201,5,85,183,202,185,159,2,122,115,110,86,42
2019_1,1000576,911,594,317,4,157,293,229,147,81,4,75,183,158,110,64,0,82,110,71,37,17
2019_1,1000575,501,306,195,7,95,125,120,98,56,5,48,76,85,70,22,2,47,49,35,28,34
2019_1,1000574,605,299,306,8,132,170,177,79,39,1,30,90,116,45,17,7,102,80,61,34,22
2019_1,1000573,412,220,192,2,73,79,96,90,72,2,25,50,50,45,48,0,48,29,46,45,24
2019_1,1000572,136,49,87,0,20,29,47,24,16,0,4,11,15,8,11,0,16,18,32,16,5
2019_1,1000571,85,43,42,0,8,19,19,28,11,0,0,8,10,19,6,0,8,11,9,9,5
2019_1,1000570,142,74,68,1,27,31,24,18,41,1,5,14,9,7,38,0,22,17,15,11,3
2019_1,1000569,345,168,177,2,43,58,69,85,88,0,26,39,38,42,23,2,17,19,31,43,65
2019_1,1000568,210,131,79,0,17,46,57,50,40,0,11,24,37,32,27,0,6,22,20,18,13
2019_1,1000567,762,549,213,0,54,103,153,200,252,0,19,51,88,153,238,0,35,52,65,47,14
2019_1,1000566,616,217,399,2,79,137,142,155,101,1,35,65,53,29,34,1,44,72,89,126,67
2019_1,1000565,657,389,268,1,121,233,142,116,44,0,65,153,85,59,27,1,56,80,57,57,17
2019_1,1000564,185,102,83,1,27,32,39,49,37,1,21,19,13,22,26,0,6,13,26,27,11
2019_1,1000563,461,209,252,0,40,90,111,130,90,0,17,50,58,42,42,0,23,40,53,88,48
2019_1,1000562,181,64,117,0,8,26,31,58,58,0,2,9,17,25,11,0,6,17,14,33,47
2019_1,1000561,314,117,197,1,47,80,77,70,39,0,9,34,25,26,23,1,38,46,52,44,16
2019_1,1000560,220,90,130,1,26,41,41,54,57,1,14,25,19,19,12,0,12,16,22,35,45
2019_1,1000559,216,83,133,0,36,51,64,42,23,0,11,22,24,13,13,0,25,29,40,29,10
2019_1,1000558,95,33,62,0,10,11,22,30,22,0,2,5,10,12,4,0,8,6,12,18,18
2019_1,1000557,290,128,162,1,39,65,75,66,44,0,12,38,30,30,18,1,27,27,45,36,26
2019_1,1000556,138,54,84,0,5,26,48,44,15,0,2,10,19,14,9,0,3,16,29,30,6
2019_1,1000555,192,68,124,1,28,41,44,61,17,0,14,15,13,18,8,1,14,26,31,43,9
2019_1,1000554,416,206,210,3,38,85,109,113,68,2,12,40,60,51,41,1,26,45,49,62,27
2019_1,1000553,265,109,156,0,24,44,61,59,77,0,9,24,27,25,24,0,15,20,34,34,53
2019_1,1000552,132,66,66,1,25,31,28,31,16,0,12,15,16,15,8,1,13,16,12,16,8
2019_1,1000551,417,145,272,0,62,86,94,106,69,0,12,26,32,42,33,0,50,60,62,64,36
2019_1,1000550,246,104,142,0,33,55,78,62,18,0,11,19,28,31,15,0,22,36,50,31,3
2019_1,1000549,215,82,133,1,14,43,69,57,31,0,5,19,18,21,19,1,9,24,51,36,12
2019_1,1000548,167,77,90,0,24,41,47,40,15,0,8,18,22,21,8,0,16,23,25,19,7
2019_1,1000547,165,67,98,0,17,31,55,38,24,0,4,14,19,16,14,0,13,17,36,22,10
2019_1,1000546,37,9,28,0,14,5,13,2,3,0,0,1,6,0,2,0,14,4,7,2,1
2019_1,1000545,177,67,110,3,34,32,35,49,24,2,8,10,11,24,12,1,26,22,24,25,12
2019_1,1000544,272,118,154,1,33,44,68,73,53,0,11,22,33,30,22,1,22,22,35,43,31
2019_1,1000543,614,278,336,6,119,126,130,140,93,1,57,80,68,43,29,5,62,46,62,97,64
2019_1,1000542,185,70,115,0,19,23,35,54,54,0,14,15,17,13,11,0,5,8,18,41,43
2019_1,1000541,568,206,362,0,52,129,128,160,99,0,14,51,59,59,23,0,38,78,69,101,76
2019_1,1000540,349,160,189,1,41,77,63,89,78,0,21,47,30,35,27,1,20,30,33,54,51
2019_1,1000539,226,77,149,0,27,47,57,68,27,0,6,16,20,22,13,0,21,31,37,46,14
2019_1,1000538,381,293,88,0,22,39,94,118,108,0,8,27,60,102,96,0,14,12,34,16,12
2019_1,1000537,344,165,179,0,30,72,83,85,74,0,14,47,47,32,25,0,16,25,36,53,49
2019_1,1000536,296,147,149,0,34,56,79,89,38,0,15,34,34,43,21,0,19,22,45,46,17
2019_1,1000535,119,63,56,0,11,25,37,27,19,0,3,11,17,18,14,0,8,14,20,9,5
2019_1,1000534,367,136,231,1,36,63,84,103,80,0,8,27,32,31,38,1,28,36,52,72,42
2019_1,1000533,437,219,218,0,52,89,113,94,89,0,17,36,56,52,58,0,35,53,57,42,31
2019_1,1000532,263,115,148,6,33,50,82,58,34,2,12,21,40,20,20,4,21,29,42,38,14
2019_1,1000531,160,83,77,0,28,27,37,40,28,0,13,17,23,14,16,0,15,10,14,26,12
2019_1,1000530,347,178,169,0,24,46,51,64,162,0,11,20,32,29,86,0,13,26,19,35,76
2019_1,1000529,188,82,106,0,14,25,41,56,52,0,5,11,19,25,22,0,9,14,22,31,30
2019_1,1000528,172,64,108,2,30,34,36,41,29,2,6,12,18,10,16,0,24,22,18,31,13
2019_1,1000527,51,22,29,1,2,3,19,19,7,0,0,2,6,11,3,1,2,1,13,8,4
2019_1,1000526,233,115,118,1,29,45,62,64,32,0,16,20,22,33,24,1,13,25,40,31,8
2019_1,1000525,50,17,33,0,4,10,10,24,2,0,1,1,4,9,2,0,3,9,6,15,0
2019_1,1000524,258,177,81,0,27,108,62,35,26,0,11,74,46,26,20,0,16,34,16,9,6
2019_1,1000523,513,189,324,0,66,119,125,126,77,0,28,56,41,29,35,0,38,63,84,97,42
2019_1,1000522,1421,878,543,4,166,278,373,346,254,0,67,147,235,221,208,4,99,131,138,125,46
2019_1,1000521,417,145,272,1,45,60,113,110,88,0,17,17,50,37,24,1,28,43,63,73,64
2019_1,1000520,196,79,117,0,26,44,51,49,26,0,9,21,20,16,13,0,17,23,31,33,13
2019_1,1000519,571,240,331,1,93,137,146,122,72,0,34,57,55,44,50,1,59,80,91,78,22
2019_1,1000518,274,132,142,1,23,58,59,86,47,1,7,24,23,46,31,0,16,34,36,40,16
2019_1,1000517,568,461,107,0,18,38,46,55,411,0,9,12,23,25,392,0,9,26,23,30,19
2019_1,1000516,254,115,139,0,32,40,51,76,55,0,11,21,18,30,35,0,21,19,33,46,20
2019_1,1000515,335,160,175,0,33,57,103,92,50,0,16,29,55,40,20,0,17,28,48,52,30
2019_1,1000514,244,146,98,0,21,54,71,68,30,0,14,31,43,34,24,0,7,23,28,34,6
2019_1,1000513,143,54,89,0,18,33,35,40,17,0,8,13,14,13,6,0,10,20,21,27,11
2019_1,1000512,133,57,76,0,13,29,36,39,16,0,4,16,18,12,7,0,9,13,18,27,9
2019_1,1000511,270,159,111,0,18,54,68,83,47,0,8,30,33,51,37,0,10,24,35,32,10
2019_1,1000510,305,141,164,1,28,40,91,97,48,0,11,17,36,52,25,1,17,23,55,45,23
2019_1,1000509,492,256,236,2,62,97,139,145,47,2,25,63,69,75,22,0,37,34,70,70,25
2019_1,1000508,727,583,144,1,30,69,163,292,172,1,19,46,139,237,141,0,11,23,24,55,31
2019_1,1000507,72,16,56,0,0,12,10,19,31,0,0,7,3,3,3,0,0,5,7,16,28
2019_1,1000506,775,436,339,0,67,173,254,244,37,0,16,69,157,182,12,0,51,104,97,62,25
2019_1,1000505,457,230,227,2,80,106,153,82,34,0,42,60,78,35,15,2,38,46,75,47,19
2019_1,1000504,1505,790,715,21,455,479,298,163,89,7,230,266,171,73,43,14,225,213,127,90,46
2019_1,1000503,728,471,257,3,158,219,209,91,48,3,67,142,169,60,30,0,91,77,40,31,18
2019_1,1000502,577,318,259,0,80,103,201,134,59,0,32,48,115,81,42,0,48,55,86,53,17
2019_1,1000501,304,131,173,0,41,79,102,54,28,0,17,24,44,24,22,0,24,55,58,30,6
2019_1,1000500,694,318,376,4,154,169,150,96,121,2,62,89,74,37,54,2,92,80,76,59,67
2019_1,1000499,2793,1491,1302,27,560,457,485,547,717,19,271,238,220,178,565,8,289,219,265,369,152
2019_1,1000498,515,178,337,1,92,134,122,107,59,0,29,56,46,29,18,1,63,78,76,78,41
2019_1,1000497,1785,951,834,1,471,629,403,175,106,0,163,333,262,119,74,1,308,296,141,56,32
2019_1,1000496,328,180,148,0,81,112,71,40,24,0,28,66,43,29,14,0,53,46,28,11,10
2019_1,1000495,375,221,154,0,130,121,67,30,27,0,69,72,45,19,16,0,61,49,22,11,11
2019_1,1000494,1165,743,422,6,332,453,222,103,49,1,156,313,153,85,35,5,176,140,69,18,14
2019_1,1000493,1079,647,432,1,239,367,256,145,71,0,98,225,172,98,54,1,141,142,84,47,17
2019_1,1000492,768,408,360,3,195,203,179,127,61,1,66,115,115,70,41,2,129,88,64,57,20
2019_1,1000491,2503,936,1567,11,319,434,337,289,1113,3,119,235,197,100,282,8,200,199,140,189,831
2019_1,1000490,57,28,29,0,3,8,15,20,11,0,1,4,8,6,9,0,2,4,7,14,2
2019_1,1000489,34,8,26,0,10,5,9,5,5,0,0,1,3,1,3,0,10,4,6,4,2
2019_1,1000488,573,316,257,2,123,162,131,82,73,0,55,92,77,50,42,2,68,70,54,32,31
2019_1,1000487,3813,2815,998,3,451,772,928,936,723,0,364,667,748,549,487,3,87,105,180,387,236
2019_1,1000486,75,35,40,0,8,10,16,20,21,0,0,4,3,8,20,0,8,6,13,12,1
2019_1,1000485,485,273,212,0,111,163,95,90,26,0,47,92,55,59,20,0,64,71,40,31,6
2019_1,1000484,1594,851,743,5,350,369,378,299,193,2,128,204,239,159,119,3,222,165,139,140,74
2019_1,1000483,252,135,117,0,57,73,63,33,26,0,20,51,37,19,8,0,37,22,26,14,18
2019_1,1000482,673,433,240,3,88,163,201,149,69,3,34,105,135,108,48,0,54,58,66,41,21
2019_1,1000481,2453,1874,579,5,218,373,388,355,1114,1,97,218,245,273,1040,4,121,155,143,82,74
2019_1,1000480,3061,2199,862,80,707,1020,856,298,100,34,438,742,701,223,61,46,269,278,155,75,39
2019_1,1000479,345,190,155,2,55,81,95,73,39,2,26,50,46,34,32,0,29,31,49,39,7
2019_1,1000478,1080,977,103,0,34,43,70,126,807,0,12,20,44,112,789,0,22,23,26,14,18
2019_1,1000477,1373,865,508,12,250,414,367,251,79,8,126,285,272,135,39,4,124,129,95,116,40
2019_1,1000476,379,214,165,0,72,100,99,74,34,0,24,61,62,44,23,0,48,39,37,30,11
2019_1,1000475,275,136,139,1,31,64,80,71,28,0,11,30,44,35,16,1,20,34,36,36,12
2019_1,1000474,1933,917,1016,17,561,476,447,255,177,4,249,256,169,121,118,13,312,220,278,134,59
2019_1,1000473,1940,1267,673,3,333,536,471,360,237,0,158,367,360,244,138,3,175,169,111,116,99
2019_1,1000472,822,352,470,2,94,140,146,146,294,1,28,72,88,73,90,1,66,68,58,73,204
2019_1,1000471,470,177,293,0,102,125,105,86,52,0,18,38,44,40,37,0,84,87,61,46,15
2019_1,1000470,1036,568,468,3,295,336,235,109,58,0,145,186,166,45,26,3,150,150,69,64,32
2019_1,1000469,1815,970,845,10,505,576,407,200,117,7,208,308,247,124,76,3,297,268,160,76,41
2019_1,1000468,1992,1100,892,5,446,692,469,269,111,1,144,386,314,176,79,4,302,306,155,93,32
2019_1,1000467,2239,1414,825,7,423,521,540,534,214,4,149,315,408,399,139,3,274,206,132,135,75
2019_1,1000466,939,539,400,0,204,283,245,138,69,0,74,162,166,91,46,0,130,121,79,47,23
2019_1,1000465,786,476,310,11,183,230,180,113,69,11,72,137,123,85,48,0,111,93,57,28,21
2019_1,1000464,245,102,143,1,33,51,65,51,44,0,11,22,23,18,28,1,22,29,42,33,16
2019_1,1000463,295,95,200,4,104,80,59,22,26,0,9,21,34,15,16,4,95,59,25,7,10
2019_1,1000462,371,167,204,6,68,85,83,81,48,3,25,49,33,28,29,3,43,36,50,53,19
2019_1,1000461,453,184,269,1,111,103,86,90,62,1,52,51,22,16,42,0,59,52,64,74,20
2019_1,1000460,162,97,65,0,15,55,50,26,16,0,4,38,34,13,8,0,11,17,16,13,8
2019_1,1000459,310,142,168,0,70,69,62,59,50,0,26,32,35,29,20,0,44,37,27,30,30
2019_1,1000458,608,321,287,0,52,109,149,165,133,0,14,59,75,81,92,0,38,50,74,84,41
2019_1,1000457,272,150,122,0,36,48,67,78,43,0,10,28,37,46,29,0,26,20,30,32,14
2019_1,1000456,145,92,53,0,9,27,47,34,28,0,5,18,31,22,16,0,4,9,16,12,12
2019_1,1000455,159,68,91,2,16,39,49,40,13,1,11,19,14,12,11,1,5,20,35,28,2
2019_1,1000454,239,82,157,0,45,59,70,38,27,0,10,21,20,17,14,0,35,38,50,21,13
2019_1,1000453,120,51,69,0,9,19,39,33,20,0,1,7,15,20,8,0,8,12,24,13,12
2019_1,1000452,4645,2804,1841,4,443,1324,1566,1066,242,4,231,899,963,577,130,0,212,425,603,489,112
2019_1,1000451,5040,3125,1915,7,1217,1937,1000,553,326,1,661,1202,692,371,198,6,556,735,308,182,128
2019_1,1000450,359,258,101,0,8,29,54,145,123,0,3,13,40,107,95,0,5,16,14,38,28
2019_1,1000449,405,186,219,3,53,85,108,91,65,1,14,45,58,37,31,2,39,40,50,54,34
2019_1,1000448,353,104,249,0,47,95,101,78,32,0,8,23,27,23,23,0,39,72,74,55,9
2019_1,1000447,255,129,126,2,61,60,46,57,29,1,25,34,20,29,20,1,36,26,26,28,9
2019_1,1000446,681,401,280,4,98,128,184,184,83,2,44,64,94,134,63,2,54,64,90,50,20
2019_1,1000445,175,77,98,1,24,39,41,41,29,0,8,17,24,13,15,1,16,22,17,28,14
2019_1,1000444,87,43,44,0,10,9,28,24,16,0,2,4,17,13,7,0,8,5,11,11,9
2019_1,1000443,342,235,107,0,44,74,81,86,57,0,13,46,58,65,53,0,31,28,23,21,4
2019_1,1000442,294,90,204,1,47,61,73,67,45,1,3,16,28,24,18,0,44,45,45,43,27
2019_1,1000441,446,204,242,0,36,63,107,140,100,0,13,26,48,61,56,0,23,37,59,79,44
2019_1,1000440,294,85,209,0,30,68,81,79,36,0,4,20,16,28,17,0,26,48,65,51,19
2019_1,1000439,422,85,337,1,28,40,84,151,118,0,8,12,16,20,29,1,20,28,68,131,89
2019_1,1000438,351,145,206,1,64,76,104,59,47,0,20,28,43,22,32,1,44,48,61,37,15
2019_1,1000437,428,297,131,1,35,45,85,132,130,0,16,25,50,96,110,1,19,20,35,36,20
2019_1,1000436,326,131,195,1,42,74,76,85,48,0,16,34,29,28,24,1,26,40,47,57,24
2019_1,1000435,246,121,125,0,32,45,67,58,44,0,10,20,43,26,22,0,22,25,24,32,22
2019_1,1000434,82,28,54,0,11,17,26,21,7,0,2,6,11,5,4,0,9,11,15,16,3
2019_1,1000433,310,169,141,0,56,57,69,71,57,0,30,34,24,37,44,0,26,23,45,34,13
2019_1,1000432,92,40,52,0,8,24,22,28,10,0,3,11,8,14,4,0,5,13,14,14,6
2019_1,1000431,57,14,43,0,1,5,13,21,17,0,1,2,4,6,1,0,0,3,9,15,16
2019_1,1000430,284,117,167,0,39,57,72,74,42,0,8,20,35,37,17,0,31,37,37,37,25
2019_1,1000429,209,80,129,1,26,31,46,60,45,0,12,11,19,18,20,1,14,20,27,42,25
2019_1,1000428,634,472,162,3,44,97,115,161,214,2,18,54,71,130,197,1,26,43,44,31,17
2019_1,1000427,174,96,78,1,19,20,44,42,48,1,9,10,25,24,27,0,10,10,19,18,21
2019_1,1000426,342,223,119,0,20,48,82,103,89,0,6,21,38,82,76,0,14,27,44,21,13
2019_1,1000425,209,93,116,0,28,34,53,58,36,0,9,16,25,23,20,0,19,18,28,35,16
2019_1,1000424,443,156,287,0,37,65,87,75,179,0,15,28,33,38,42,0,22,37,54,37,137
2019_1,1000423,256,138,118,0,27,31,65,72,61,0,8,7,32,40,51,0,19,24,33,32,10
2019_1,1000422,328,243,85,0,9,25,48,106,140,0,1,15,32,78,117,0,8,10,16,28,23
2019_1,1000421,215,79,136,2,25,32,67,55,34,1,10,15,20,18,15,1,15,17,47,37,19
2019_1,1000420,145,74,71,0,18,25,48,40,14,0,6,14,25,22,7,0,12,11,23,18,7
2019_1,1000419,174,62,112,0,24,28,42,37,43,0,6,11,19,12,14,0,18,17,23,25,29
2019_1,1000418,218,99,119,1,27,30,61,58,41,1,11,18,28,25,16,0,16,12,33,33,25
2019_1,1000417,125,56,69,1,7,26,47,26,18,0,3,13,17,14,9,1,4,13,30,12,9
2019_1,1000416,184,75,109,1,14,34,58,50,27,1,4,15,29,16,10,0,10,19,29,34,17
2019_1,1000415,257,131,126,1,33,50,79,59,35,1,13,34,35,29,19,0,20,16,44,30,16
2019_1,1000414,28,7,21,0,1,3,9,8,7,0,0,1,1,1,4,0,1,2,8,7,3
2019_1,1000413,904,436,468,3,86,150,244,244,177,0,28,70,126,116,96,3,58,80,118,128,81
2019_1,1000412,259,117,142,2,34,58,72,57,36,1,13,24,34,27,18,1,21,34,38,30,18
2019_1,1000411,276,137,139,1,32,52,56,76,59,1,11,26,32,33,34,0,21,26,24,43,25
2019_1,1000410,194,54,140,1,19,38,62,50,24,0,9,12,13,9,11,1,10,26,49,41,13
2019_1,1000409,120,46,74,0,16,21,41,31,11,0,9,11,16,6,4,0,7,10,25,25,7
2019_1,1000408,133,41,92,0,7,33,34,34,25,0,3,9,16,8,5,0,4,24,18,26,20
2019_1,1000407,57,13,44,0,5,7,20,11,14,0,1,2,4,4,2,0,4,5,16,7,12
2019_1,1000406,139,68,71,0,20,34,42,22,21,0,6,23,13,14,12,0,14,11,29,8,9
2019_1,1000405,353,190,163,1,41,75,79,83,74,1,17,40,36,48,48,0,24,35,43,35,26
2019_1,1000404,389,117,272,0,58,80,119,95,37,0,11,22,37,23,24,0,47,58,82,72,13
2019_1,1000403,292,126,166,0,28,44,78,83,59,0,8,26,35,40,17,0,20,18,43,43,42
2019_1,1000402,587,231,356,1,57,124,136,187,82,1,13,59,59,54,45,0,44,65,77,133,37
2019_1,1000401,315,160,155,1,62,69,78,65,40,1,19,31,47,38,24,0,43,38,31,27,16
2019_1,1000400,197,42,155,0,25,29,39,73,31,0,6,10,7,10,9,0,19,19,32,63,22
2019_1,1000399,158,80,78,0,14,33,52,43,16,0,9,16,24,22,9,0,5,17,28,21,7
2019_1,1000398,143,75,68,0,15,29,50,32,17,0,3,14,31,17,10,0,12,15,19,15,7
2019_1,1000397,190,110,80,0,9,23,44,67,47,0,5,15,30,42,18,0,4,8,14,25,29
2019_1,1000396,161,72,89,0,12,23,46,52,28,0,8,14,17,17,16,0,4,9,29,35,12
2019_1,1000395,81,15,66,0,5,10,23,22,21,0,1,2,2,2,8,0,4,8,21,20,13
2019_1,1000394,298,110,188,2,37,58,62,82,57,2,17,21,25,26,19,0,20,37,37,56,38
2019_1,1000393,176,82,94,1,12,33,61,48,21,0,5,17,25,22,13,1,7,16,36,26,8
2019_1,1000392,82,21,61,0,7,17,15,28,15,0,2,6,2,8,3,0,5,11,13,20,12
2019_1,1000391,188,77,111,0,31,29,55,41,32,0,15,15,15,10,22,0,16,14,40,31,10
2019_1,1000390,133,63,70,0,21,32,31,35,14,0,9,16,13,15,10,0,12,16,18,20,4
2019_1,1000389,269,124,145,1,32,60,57,84,35,0,9,29,25,34,27,1,23,31,32,50,8
2019_1,1000388,338,149,189,0,13,54,86,110,75,0,6,35,43,41,24,0,7,19,43,69,51
2019_1,1000387,291,117,174,0,38,50,100,70,33,0,14,27,38,24,14,0,24,23,62,46,19
2019_1,1000386,397,152,245,4,55,78,112,89,59,0,16,37,50,33,16,4,39,41,62,56,43
2019_1,1000385,253,92,161,1,30,42,73,64,43,0,15,17,24,18,18,1,15,25,49,46,25
2019_1,1000384,276,129,147,1,26,50,79,79,41,1,11,23,46,25,23,0,15,27,33,54,18
2019_1,1000383,199,64,135,0,25,35,58,59,22,0,9,13,21,15,6,0,16,22,37,44,16
2019_1,1000382,271,145,126,0,27,53,78,75,38,0,10,31,42,38,24,0,17,22,36,37,14
2019_1,1000381,1271,885,386,6,53,82,149,201,780,3,38,53,81,114,596,3,15,29,68,87,184
2019_1,1000380,651,353,298,1,94,95,156,187,118,1,47,49,84,98,74,0,47,46,72,89,44
2019_1,1000379,1373,860,513,15,178,263,311,368,238,9,88,174,210,230,149,6,90,89,101,138,89
2019_1,1000378,280,112,168,0,15,41,82,94,48,0,7,20,25,35,25,0,8,21,57,59,23
2019_1,1000377,183,98,85,1,23,42,54,30,33,1,8,18,25,17,29,0,15,24,29,13,4
2019_1,1000376,169,67,102,2,14,18,42,69,24,2,4,6,17,30,8,0,10,12,25,39,16
2019_1,1000375,199,97,102,1,38,35,54,41,30,0,16,20,22,16,23,1,22,15,32,25,7
2019_1,1000374,253,136,117,0,22,46,78,70,37,0,9,22,44,40,21,0,13,24,34,30,16
2019_1,1000373,186,68,118,0,22,32,48,50,34,0,12,15,18,14,9,0,10,17,30,36,25
2019_1,1000372,272,96,176,0,33,37,68,80,54,0,3,19,24,30,20,0,30,18,44,50,34
2019_1,1000371,224,89,135,1,12,30,68,64,49,1,8,13,21,29,17,0,4,17,47,35,32
2019_1,1000370,214,161,53,0,9,13,30,70,92,0,3,5,18,49,86,0,6,8,12,21,6
2019_1,1000369,135,43,92,0,21,20,35,31,28,0,9,8,10,7,9,0,12,12,25,24,19
2019_1,1000368,217,103,114,0,27,40,58,51,41,0,10,16,23,29,25,0,17,24,35,22,16
2019_1,1000367,70,42,28,0,5,12,19,21,13,0,4,10,12,10,6,0,1,2,7,11,7
2019_1,1000366,164,82,82,2,18,30,43,43,28,0,9,13,17,23,20,2,9,17,26,20,8
2019_1,1000365,346,201,145,0,28,36,49,120,113,0,10,14,28,72,77,0,18,22,21,48,36
2019_1,1000364,204,106,98,0,32,43,45,36,48,0,14,22,24,16,30,0,18,21,21,20,18
2019_1,1000363,411,322,89,0,11,30,53,148,169,0,0,13,32,130,147,0,11,17,21,18,22
2019_1,1000362,327,108,219,1,36,46,51,88,105,0,15,20,23,23,27,1,21,26,28,65,78
2019_1,1000361,282,145,137,1,41,38,68,85,49,0,20,29,39,32,25,1,21,9,29,53,24
2019_1,1000360,843,345,498,4,167,193,207,194,78,3,47,78,88,82,47,1,120,115,119,112,31
2019_1,1000359,269,178,91,2,50,64,73,58,22,2,37,44,40,40,15,0,13,20,33,18,7
2019_1,1000358,228,94,134,5,40,37,64,60,22,3,14,19,21,24,13,2,26,18,43,36,9
2019_1,1000357,104,41,63,0,7,20,34,30,13,0,2,11,11,12,5,0,5,9,23,18,8
2019_1,1000356,137,44,93,0,16,23,36,36,26,0,4,14,8,9,9,0,12,9,28,27,17
2019_1,1000355,80,32,48,0,5,12,18,31,14,0,2,7,7,11,5,0,3,5,11,20,9
2019_1,1000354,119,69,50,0,10,23,41,37,8,0,5,13,25,22,4,0,5,10,16,15,4
2019_1,1000353,114,48,66,0,13,28,25,38,10,0,8,13,7,14,6,0,5,15,18,24,4
2019_1,1000352,389,168,221,2,54,72,88,110,63,1,14,32,42,42,37,1,40,40,46,68,26
2019_1,1000351,82,40,42,0,6,16,14,27,19,0,3,10,7,10,10,0,3,6,7,17,9
2019_1,1000350,134,53,81,0,18,31,35,36,14,0,7,13,15,9,9,0,11,18,20,27,5
2019_1,1000349,358,147,211,2,64,76,76,81,59,1,14,36,36,33,27,1,50,40,40,48,32
2019_1,1000348,82,30,52,1,14,15,27,20,5,0,3,5,13,7,2,1,11,10,14,13,3
2019_1,1000347,187,68,119,0,27,33,60,46,21,0,10,18,13,16,11,0,17,15,47,30,10
2019_1,1000346,798,416,382,3,124,106,183,234,148,2,49,53,96,119,97,1,75,53,87,115,51
2019_1,1000345,146,56,90,0,8,10,46,39,43,0,3,4,17,8,24,0,5,6,29,31,19
2019_1,1000344,89,29,60,0,16,15,27,23,8,0,2,8,8,8,3,0,14,7,19,15,5
2019_1,1000343,245,209,36,0,9,17,25,88,106,0,4,9,14,80,102,0,5,8,11,8,4
2019_1,1000342,436,220,216,1,55,71,95,115,99,1,24,37,54,57,47,0,31,34,41,58,52
2019_1,1000341,31,17,14,1,4,3,6,12,5,0,4,1,2,8,2,1,0,2,4,4,3
2019_1,1000340,130,61,69,0,16,34,45,27,8,0,6,17,20,13,5,0,10,17,25,14,3
2019_1,1000339,446,308,138,1,59,77,82,122,105,0,17,53,54,92,92,1,42,24,28,30,13
2019_1,1000338,318,124,194,1,23,64,80,104,46,0,7,21,27,45,24,1,16,43,53,59,22
2019_1,1000337,941,398,543,4,137,183,193,211,213,3,45,56,71,80,143,1,92,127,122,131,70
2019_1,1000336,189,85,104,0,35,43,59,32,20,0,11,19,26,17,12,0,24,24,33,15,8
2019_1,1000335,99,41,58,0,13,14,30,24,18,0,5,8,14,5,9,0,8,6,16,19,9
2019_1,1000334,116,50,66,0,11,22,27,38,18,0,6,14,10,11,9,0,5,8,17,27,9
2019_1,1000333,376,137,239,1,43,79,108,99,46,0,20,40,35,28,14,1,23,39,73,71,32
2019_1,1000332,76,32,44,0,4,18,22,25,7,0,0,9,9,12,2,0,4,9,13,13,5
2019_1,1000331,291,170,121,0,25,40,56,88,82,0,6,18,21,59,66,0,19,22,35,29,16
2019_1,1000330,152,50,102,1,26,28,40,27,30,0,4,15,11,8,12,1,22,13,29,19,18
2019_1,1000329,65,33,32,0,12,17,20,9,7,0,6,10,8,3,6,0,6,7,12,6,1
2019_1,1000328,51,33,18,0,6,8,10,18,9,0,4,6,7,9,7,0,2,2,3,9,2
2019_1,1000327,93,40,53,0,10,20,28,24,11,0,3,11,10,10,6,0,7,9,18,14,5
2019_1,1000326,122,71,51,1,13,19,29,36,24,1,4,13,14,22,17,0,9,6,15,14,7
2019_1,1000325,27,17,10,0,5,12,3,4,3,0,3,9,1,3,1,0,2,3,2,1,2
2019_1,1000324,523,210,313,0,72,96,119,108,128,0,22,48,46,33,61,0,50,48,73,75,67
2019_1,1000323,223,71,152,2,37,33,62,56,33,2,6,7,29,16,11,0,31,26,33,40,22
2019_1,1000322,286,110,176,0,40,64,72,68,42,0,6,27,28,24,25,0,34,37,44,44,17
2019_1,1000321,153,89,64,1,11,36,54,36,15,1,3,21,35,19,10,0,8,15,19,17,5
2019_1,1000320,57,29,28,0,9,5,15,19,9,0,5,3,8,7,6,0,4,2,7,12,3
2019_1,1000319,320,86,234,0,15,27,56,121,101,0,4,16,17,23,26,0,11,11,39,98,75
2019_1,1000318,373,190,183,2,71,63,75,92,70,2,50,43,37,29,29,0,21,20,38,63,41
2019_1,1000317,71,25,46,0,13,14,19,16,9,0,5,7,7,5,1,0,8,7,12,11,8
2019_1,1000316,127,62,65,0,19,19,37,37,15,0,5,11,23,16,7,0,14,8,14,21,8
2019_1,1000315,194,90,104,0,17,44,47,45,41,0,5,22,30,19,14,0,12,22,17,26,27
2019_1,1000314,293,165,128,3,49,62,64,74,41,0,21,35,37,42,30,3,28,27,27,32,11
2019_1,1000313,216,129,87,3,30,48,78,37,20,1,12,27,47,26,16,2,18,21,31,11,4
2019_1,1000312,327,187,140,4,33,57,90,84,59,0,15,44,63,43,22,4,18,13,27,41,37
2019_1,1000311,187,92,95,0,16,30,56,49,36,0,6,13,27,19,27,0,10,17,29,30,9
2019_1,1000310,278,118,160,3,27,38,99,64,47,0,10,20,39,18,31,3,17,18,60,46,16
2019_1,1000309,374,149,225,1,55,64,71,98,85,0,22,35,32,25,35,1,33,29,39,73,50
2019_1,1000308,487,364,123,2,27,71,149,149,89,1,12,48,108,122,73,1,15,23,41,27,16
2019_1,1000307,83,68,15,0,3,12,15,30,23,0,3,10,9,27,19,0,0,2,6,3,4
2019_1,1000306,442,196,246,8,96,118,99,79,42,4,26,60,39,39,28,4,70,58,60,40,14
2019_1,1000305,571,316,255,0,100,110,119,128,114,0,42,59,65,68,82,0,58,51,54,60,32
2019_1,1000304,307,126,181,0,79,72,64,70,22,0,28,38,30,22,8,0,51,34,34,48,14
2019_1,1000303,99,35,64,0,18,18,27,27,9,0,2,3,12,13,5,0,16,15,15,14,4
2019_1,1000302,380,92,288,2,26,57,86,109,100,1,2,15,28,20,26,1,24,42,58,89,74
2019_1,1000301,260,112,148,2,49,48,78,49,34,0,22,26,29,18,17,2,27,22,49,31,17
2019_1,1000300,138,67,71,1,19,30,20,37,31,0,9,19,11,17,11,1,10,11,9,20,20
2019_1,1000299,496,402,94,0,25,63,160,186,62,0,10,43,139,157,53,0,15,20,21,29,9
2019_1,1000298,106,46,60,0,15,18,27,26,20,0,7,14,11,5,9,0,8,4,16,21,11
2019_1,1000297,140,55,85,0,9,27,45,37,22,0,3,10,16,18,8,0,6,17,29,19,14
2019_1,1000296,299,124,175,0,63,39,73,88,36,0,28,18,33,29,16,0,35,21,40,59,20
2019_1,1000295,184,72,112,1,28,35,43,52,25,0,8,14,17,23,10,1,20,21,26,29,15
2019_1,1000294,497,248,249,3,84,115,104,102,89,1,23,63,55,49,57,2,61,52,49,53,32
2019_1,1000293,62,36,26,0,5,13,21,15,8,0,3,10,11,8,4,0,2,3,10,7,4
2019_1,1000292,295,141,154,1,71,48,79,60,36,0,29,28,46,25,13,1,42,20,33,35,23
2019_1,1000291,362,197,165,2,61,82,92,87,38,1,35,56,56,32,17,1,26,26,36,55,21
2019_1,1000290,355,157,198,0,38,61,88,100,68,0,19,36,41,34,27,0,19,25,47,66,41
2019_1,1000289,145,77,68,0,24,30,41,37,13,0,8,21,22,19,7,0,16,9,19,18,6
2019_1,1000288,731,264,467,2,103,144,180,179,123,1,38,55,69,58,43,1,65,89,111,121,80
2019_1,1000287,669,388,281,6,171,167,171,114,40,0,79,106,119,57,27,6,92,61,52,57,13
2019_1,1000286,224,118,106,0,25,74,66,33,26,0,9,41,37,17,14,0,16,33,29,16,12
2019_1,1000285,474,280,194,2,57,118,143,93,61,0,24,65,84,65,42,2,33,53,59,28,19
2019_1,1000284,797,360,437,1,118,168,199,190,121,0,44,68,102,85,61,1,74,100,97,105,60
2019_1,1000283,56,25,31,0,10,7,18,17,4,0,1,3,8,10,3,0,9,4,10,7,1
2019_1,1000282,554,183,371,5,51,210,203,67,18,3,16,66,56,31,11,2,35,144,147,36,7
2019_1,1000281,253,108,145,3,60,69,63,42,16,0,20,39,25,18,6,3,40,30,38,24,10
2019_1,1000280,742,432,310,1,172,135,165,197,72,1,85,68,101,126,51,0,87,67,64,71,21
2019_1,1000279,37,25,12,0,7,8,11,7,4,0,3,6,8,5,3,0,4,2,3,2,1
2019_1,1000278,275,88,187,0,44,55,74,66,36,0,13,19,19,23,14,0,31,36,55,43,22
2019_1,1000277,346,165,181,0,108,112,82,26,18,0,38,57,42,17,11,0,70,55,40,9,7
2019_1,1000276,398,168,230,1,45,92,87,108,65,0,19,44,41,41,23,1,26,48,46,67,42
2019_1,1000275,238,105,133,8,77,39,53,41,20,3,32,13,28,21,8,5,45,26,25,20,12
2019_1,1000274,1136,731,405,2,67,112,128,155,672,0,21,60,68,83,499,2,46,52,60,72,173
2019_1,1000273,222,109,113,1,39,41,53,56,32,0,12,18,25,29,25,1,27,23,28,27,7
2019_1,1000272,106,40,66,1,17,28,29,22,9,1,1,10,12,9,7,0,16,18,17,13,2
2019_1,1000271,166,60,106,1,27,21,44,50,23,1,5,8,17,18,11,0,22,13,27,32,12
2019_1,1000270,396,193,203,1,45,87,94,94,75,1,14,43,51,50,34,0,31,44,43,44,41
2019_1,1000269,316,168,148,0,45,56,75,70,70,0,6,23,34,45,60,0,39,33,41,25,10
2019_1,1000268,390,139,251,1,79,84,103,73,50,0,19,26,40,25,29,1,60,58,63,48,21
2019_1,1000267,111,59,52,0,10,23,34,30,14,0,4,11,17,19,8,0,6,12,17,11,6
2019_1,1000266,76,44,32,0,7,12,22,28,7,0,4,5,14,18,3,0,3,7,8,10,4
2019_1,1000265,322,148,174,1,49,55,75,87,55,0,11,31,34,38,34,1,38,24,41,49,21
2019_1,1000264,212,140,72,1,30,40,67,53,21,0,20,24,49,34,13,1,10,16,18,19,8
2019_1,1000263,84,45,39,0,7,15,30,24,8,0,1,9,17,11,7,0,6,6,13,13,1
2019_1,1000262,100,41,59,0,12,12,19,26,31,0,7,5,8,11,10,0,5,7,11,15,21
2019_1,1000261,154,50,104,2,50,33,24,34,11,1,9,10,9,14,7,1,41,23,15,20,4
2019_1,1000260,758,450,308,12,174,144,164,165,99,8,82,72,89,118,81,4,92,72,75,47,18
2019_1,1000259,145,86,59,0,14,27,37,39,28,0,4,17,17,25,23,0,10,10,20,14,5
2019_1,1000258,419,178,241,1,53,76,125,104,60,0,20,29,45,46,38,1,33,47,80,58,22
2019_1,1000257,439,175,264,0,78,109,91,92,69,0,23,51,39,37,25,0,55,58,52,55,44
2019_1,1000256,191,78,113,2,30,36,43,49,31,1,6,21,20,20,10,1,24,15,23,29,21
2019_1,1000255,241,62,179,0,33,58,71,60,19,0,3,11,15,18,15,0,30,47,56,42,4
2019_1,1000254,323,116,207,4,71,51,71,85,41,1,17,16,36,23,23,3,54,35,35,62,18
2019_1,1000253,160,65,95,1,17,36,41,33,32,0,6,19,22,11,7,1,11,17,19,22,25
2019_1,1000252,1288,662,626,5,128,225,330,387,213,2,48,131,187,188,106,3,80,94,143,199,107
2019_1,1000251,237,96,141,0,18,32,75,81,31,0,4,20,37,21,14,0,14,12,38,60,17
2019_1,1000250,192,32,160,0,12,32,40,76,32,0,2,7,9,9,5,0,10,25,31,67,27
2019_1,1000249,351,167,184,4,36,75,74,85,77,2,9,41,47,31,37,2,27,34,27,54,40
2019_1,1000248,151,60,91,0,19,32,48,33,19,0,3,12,15,16,14,0,16,20,33,17,5
2019_1,1000247,228,63,165,0,18,24,55,84,47,0,5,10,21,21,6,0,13,14,34,63,41
2019_1,1000246,195,89,106,0,23,39,65,46,22,0,6,21,28,23,11,0,17,18,37,23,11
2019_1,1000245,573,197,376,2,143,181,138,82,27,0,21,64,63,33,16,2,122,117,75,49,11
2019_1,1000244,542,444,98,0,29,55,156,231,71,0,16,39,122,200,67,0,13,16,34,31,4
2019_1,1000243,241,136,105,1,31,55,67,66,21,0,14,28,39,40,15,1,17,27,28,26,6
2019_1,1000242,94,47,47,0,5,22,25,28,14,0,2,10,15,12,8,0,3,12,10,16,6
2019_1,1000241,60,36,24,0,6,13,21,14,6,0,3,9,10,9,5,0,3,4,11,5,1
2019_1,1000240,103,57,46,0,15,20,28,25,15,0,9,11,16,14,7,0,6,9,12,11,8
2019_1,1000239,358,182,176,1,50,72,107,94,34,0,20,41,57,38,26,1,30,31,50,56,8
2019_1,1000238,145,87,58,0,15,29,41,43,17,0,4,23,23,28,9,0,11,6,18,15,8
2019_1,1000237,650,320,330,1,106,144,142,158,99,0,32,77,77,81,53,1,74,67,65,77,46
2019_1,1000236,124,75,49,0,8,25,34,46,11,0,5,15,18,29,8,0,3,10,16,17,3
2019_1,1000235,464,213,251,2,46,74,128,138,76,0,18,31,64,62,38,2,28,43,64,76,38
2019_1,1000234,133,77,56,2,15,24,39,37,16,2,6,14,25,26,4,0,9,10,14,11,12
2019_1,1000233,1067,619,448,2,100,125,163,164,513,1,41,59,87,66,365,1,59,66,76,98,148
2019_1,1000232,132,76,56,0,13,28,34,39,18,0,9,14,14,24,15,0,4,14,20,15,3
2019_1,1000231,304,149,155,0,38,70,83,63,50,0,14,36,37,30,32,0,24,34,46,33,18
2019_1,1000230,454,200,254,0,59,89,112,122,72,0,18,45,46,54,37,0,41,44,66,68,35
2019_1,1000229,310,93,217,0,35,52,72,99,52,0,7,13,23,29,21,0,28,39,49,70,31
2019_1,1000228,518,323,195,1,34,59,96,175,153,0,11,26,53,118,115,1,23,33,43,57,38
2019_1,1000227,93,53,40,0,17,16,28,19,13,0,7,11,15,13,7,0,10,5,13,6,6
2019_1,1000226,433,184,249,4,42,85,122,104,76,1,12,33,47,51,40,3,30,52,75,53,36
2019_1,1000225,98,62,36,2,16,25,17,21,17,2,9,13,9,15,14,0,7,12,8,6,3
2019_1,1000224,169,60,109,0,9,22,36,63,39,0,4,11,15,16,14,0,5,11,21,47,25
2019_1,1000223,225,74,151,0,42,40,48,60,35,0,5,22,19,13,15,0,37,18,29,47,20
2019_1,1000222,236,97,139,0,26,42,70,68,30,0,9,16,25,30,17,0,17,26,45,38,13
2019_1,1000221,228,106,122,3,39,62,47,52,25,2,20,27,23,25,9,1,19,35,24,27,16
2019_1,1000220,240,112,128,2,65,61,44,40,28,1,24,43,19,15,10,1,41,18,25,25,18
2019_1,1000219,32,4,28,0,12,1,10,9,0,0,2,0,0,2,0,0,10,1,10,7,0
2019_1,1000218,96,28,68,0,7,14,22,31,22,0,2,2,7,11,6,0,5,12,15,20,16
2019_1,1000217,116,63,53,0,19,18,47,19,13,0,6,12,26,11,8,0,13,6,21,8,5
2019_1,1000216,165,97,68,0,15,26,41,57,26,0,10,15,22,34,16,0,5,11,19,23,10
2019_1,1000215,443,155,288,0,25,67,118,141,92,0,15,35,49,36,20,0,10,32,69,105,72
2019_1,1000214,1152,716,436,2,152,278,290,287,143,2,89,180,192,157,96,0,63,98,98,130,47
2019_1,1000213,752,536,216,3,73,112,192,218,154,0,33,72,125,165,141,3,40,40,67,53,13
2019_1,1000212,1168,580,588,0,75,167,164,280,482,0,34,95,103,127,221,0,41,72,61,153,261
2019_1,1000211,56,20,36,0,4,7,11,17,17,0,1,4,4,6,5,0,3,3,7,11,12
2019_1,1000210,1878,969,909,3,306,472,410,380,307,2,83,236,215,226,207,1,223,236,195,154,100
2019_1,1000209,322,165,157,0,26,43,65,62,126,0,7,22,49,41,46,0,19,21,16,21,80
2019_1,1000208,99,49,50,0,22,21,23,20,13,0,9,14,8,9,9,0,13,7,15,11,4
2019_1,1000207,260,125,135,0,18,30,70,88,54,0,11,24,39,30,21,0,7,6,31,58,33
2019_1,1000206,99,45,54,0,17,16,25,29,12,0,8,11,14,9,3,0,9,5,11,20,9
2019_1,1000205,495,372,123,0,46,114,154,111,70,0,37,95,113,71,56,0,9,19,41,40,14
2019_1,1000204,201,108,93,0,21,41,53,42,44,0,5,21,30,25,27,0,16,20,23,17,17
2019_1,1000203,199,115,84,1,22,42,57,54,23,0,13,26,36,28,12,1,9,16,21,26,11
2019_1,1000202,548,335,213,1,66,68,118,191,104,0,24,35,65,119,92,1,42,33,53,72,12
2019_1,1000201,850,456,394,1,129,257,208,159,96,1,52,126,128,87,62,0,77,131,80,72,34
2019_1,1000200,272,115,157,3,58,73,65,41,32,1,16,24,38,18,18,2,42,49,27,23,14
2019_1,1000199,342,147,195,1,32,51,60,104,94,0,17,38,29,41,22,1,15,13,31,63,72
2019_1,1000198,424,140,284,2,38,90,112,106,76,1,7,29,26,42,35,1,31,61,86,64,41
2019_1,1000197,285,160,125,0,21,69,72,75,48,0,7,41,48,44,20,0,14,28,24,31,28
2019_1,1000196,585,227,358,4,115,103,127,167,69,0,31,51,48,72,25,4,84,52,79,95,44
2019_1,1000195,430,230,200,0,73,111,132,70,44,0,29,69,68,31,33,0,44,42,64,39,11
2019_1,1000194,73,35,38,1,9,17,19,16,11,1,4,9,10,7,4,0,5,8,9,9,7
2019_1,1000193,843,341,502,4,150,215,188,173,113,1,31,92,78,68,71,3,119,123,110,105,42
2019_1,1000192,168,114,54,2,9,38,46,47,26,2,8,25,35,30,14,0,1,13,11,17,12
2019_1,1000191,114,59,55,1,8,13,33,36,23,1,3,7,18,15,15,0,5,6,15,21,8
2019_1,1000190,254,126,128,0,17,52,53,78,54,0,6,30,29,39,22,0,11,22,24,39,32
2019_1,1000189,358,200,158,0,54,84,86,76,58,0,26,44,48,46,36,0,28,40,38,30,22
2019_1,1000188,180,102,78,1,19,38,44,40,38,0,9,21,23,23,26,1,10,17,21,17,12
2019_1,1000187,166,57,109,0,24,32,56,41,13,0,6,9,19,17,6,0,18,23,37,24,7
2019_1,1000186,167,118,49,0,18,42,52,33,22,0,14,28,35,24,17,0,4,14,17,9,5
2019_1,1000185,246,127,119,1,43,61,70,45,26,0,19,34,35,21,18,1,24,27,35,24,8
2019_1,1000184,250,101,149,0,29,67,60,52,42,0,9,27,24,22,19,0,20,40,36,30,23
2019_1,1000183,314,191,123,0,35,60,87,57,75,0,14,34,55,39,49,0,21,26,32,18,26
2019_1,1000182,1182,607,575,0,223,325,265,237,132,0,94,181,164,113,55,0,129,144,101,124,77
2019_1,1000181,439,277,162,1,51,66,75,77,169,0,26,35,46,36,134,1,25,31,29,41,35
2019_1,1000180,440,170,270,5,84,119,129,77,26,2,18,37,61,38,14,3,66,82,68,39,12
2019_1,1000179,23,13,10,1,4,7,3,2,6,1,3,6,1,0,2,0,1,1,2,2,4
2019_1,1000178,242,125,117,0,36,69,58,47,32,0,11,40,34,19,21,0,25,29,24,28,11
2019_1,1000177,930,429,501,2,135,185,240,225,143,1,41,81,117,101,88,1,94,104,123,124,55
2019_1,1000176,696,382,314,2,109,156,188,140,101,2,33,86,113,82,66,0,76,70,75,58,35
2019_1,1000175,347,219,128,2,48,88,93,70,46,1,30,56,58,43,31,1,18,32,35,27,15
2019_1,1000174,95,40,55,1,13,22,19,29,11,0,2,10,7,14,7,1,11,12,12,15,4
2019_1,1000173,536,312,224,0,62,78,105,145,146,0,37,46,67,83,79,0,25,32,38,62,67
2019_1,1000172,198,94,104,0,21,43,44,55,35,0,9,25,25,17,18,0,12,18,19,38,17
2019_1,1000171,89,59,30,3,8,14,28,26,10,1,3,9,22,18,6,2,5,5,6,8,4
2019_1,1000170,5461,2369,3092,3,433,1345,2017,1409,254,2,208,820,777,445,117,1,225,525,1240,964,137
2019_1,1000169,147,63,84,1,40,45,25,20,16,1,12,26,16,3,5,0,28,19,9,17,11
2019_1,1000168,105,54,51,0,17,20,26,28,14,0,10,12,14,15,3,0,7,8,12,13,11
2019_1,1000167,293,114,179,4,40,51,86,68,44,2,13,19,35,22,23,2,27,32,51,46,21
2019_1,1000166,1171,536,635,2,105,145,227,365,327,0,45,74,101,143,173,2,60,71,126,222,154
2019_1,1000165,975,526,449,0,184,254,239,185,113,0,84,135,135,101,71,0,100,119,104,84,42
2019_1,1000164,244,138,106,0,13,45,73,59,54,0,8,29,41,30,30,0,5,16,32,29,24
2019_1,1000163,250,133,117,0,17,42,79,74,38,0,7,24,38,43,21,0,10,18,41,31,17
2019_1,1000162,154,66,88,1,21,40,45,26,21,1,10,12,16,15,12,0,11,28,29,11,9
2019_1,1000161,358,149,209,1,65,95,83,80,34,0,20,42,39,27,21,1,45,53,44,53,13
2019_1,1000160,206,99,107,0,18,42,58,47,41,0,2,26,32,18,21,0,16,16,26,29,20
2019_1,1000159,134,59,75,0,32,32,24,29,17,0,9,11,10,19,10,0,23,21,14,10,7
2019_1,1000158,880,394,486,3,201,179,192,187,118,0,50,76,98,97,73,3,151,103,94,90,45
2019_1,1000157,604,317,287,2,99,160,124,141,78,1,44,86,63,80,43,1,55,74,61,61,35
2019_1,1000156,577,313,264,1,72,113,161,140,90,0,24,69,93,77,50,1,48,44,68,63,40
2019_1,1000155,1380,599,781,11,337,291,298,276,167,8,91,170,165,93,72,3,246,121,133,183,95
2019_1,1000154,534,277,257,2,86,129,140,103,74,0,30,65,67,57,58,2,56,64,73,46,16
2019_1,1000153,281,163,118,0,35,69,69,66,42,0,17,40,44,39,23,0,18,29,25,27,19
2019_1,1000152,349,130,219,0,43,99,127,47,33,0,20,33,36,21,20,0,23,66,91,26,13
2019_1,1000151,404,216,188,5,101,87,73,83,55,2,50,46,37,39,42,3,51,41,36,44,13
2019_1,1000150,399,277,122,0,44,59,82,99,115,0,23,31,48,76,99,0,21,28,34,23,16
2019_1,1000149,227,115,112,0,27,51,68,52,29,0,11,22,35,27,20,0,16,29,33,25,9
2019_1,1000148,478,247,231,2,103,125,104,75,69,1,45,64,56,34,47,1,58,61,48,41,22
2019_1,1000147,157,83,74,0,18,29,53,40,17,0,9,21,21,23,9,0,9,8,32,17,8
2019_1,1000146,385,167,218,0,33,64,92,115,81,0,11,27,39,52,38,0,22,37,53,63,43
2019_1,1000145,259,132,127,0,23,40,62,70,64,0,5,21,30,26,50,0,18,19,32,44,14
2019_1,1000144,142,64,78,0,19,18,31,35,39,0,9,12,13,14,16,0,10,6,18,21,23
2019_1,1000143,118,62,56,0,18,23,33,27,17,0,4,12,20,15,11,0,14,11,13,12,6
2019_1,1000142,419,210,209,1,43,79,108,123,65,1,20,39,57,57,36,0,23,40,51,66,29
2019_1,1000141,239,131,108,0,23,47,71,53,45,0,13,29,41,22,26,0,10,18,30,31,19
2019_1,1000140,212,134,78,0,26,43,60,49,34,0,14,32,35,26,27,0,12,11,25,23,7
2019_1,1000139,819,484,335,3,115,183,195,142,181,1,53,102,105,90,133,2,62,81,90,52,48
2019_1,1000138,239,127,112,0,55,50,54,50,30,0,19,32,33,21,22,0,36,18,21,29,8
2019_1,1000137,308,124,184,1,52,63,69,75,48,0,24,30,30,24,16,1,28,33,39,51,32
2019_1,1000136,356,156,200,2,74,112,80,58,30,0,21,59,40,27,9,2,53,53,40,31,21
2019_1,1000135,811,527,284,1,105,208,151,133,213,1,35,122,93,96,180,0,70,86,58,37,33
2019_1,1000134,346,189,157,2,48,82,104,72,38,0,17,52,57,39,24,2,31,30,47,33,14
2019_1,1000133,498,226,272,1,49,106,142,115,85,0,10,47,76,56,37,1,39,59,66,59,48
2019_1,1000132,398,198,200,0,41,68,77,80,132,0,11,34,37,36,80,0,30,34,40,44,52
2019_1,1000131,314,156,158,0,39,55,83,84,53,0,5,28,50,47,26,0,34,27,33,37,27
2019_1,1000130,100,38,62,0,25,23,20,23,9,0,7,8,6,12,5,0,18,15,14,11,4
2019_1,1000129,396,134,262,0,54,83,93,88,78,0,11,35,43,25,20,0,43,48,50,63,58
2019_1,1000128,215,118,97,2,48,70,51,29,15,1,21,45,27,15,9,1,27,25,24,14,6
2019_1,1000127,195,102,93,1,52,33,37,47,25,1,26,18,21,25,11,0,26,15,16,22,14
2019_1,1000126,470,172,298,3,120,85,105,104,53,0,39,25,38,41,29,3,81,60,67,63,24
2019_1,1000125,332,165,167,2,67,74,77,76,36,1,28,36,40,41,19,1,39,38,37,35,17
2019_1,1000124,5762,4131,1631,13,439,1022,1406,1952,930,12,266,701,1072,1406,674,1,173,321,334,546,256
2019_1,1000123,240,104,136,2,54,65,44,42,33,0,20,32,19,16,17,2,34,33,25,26,16
2019_1,1000122,361,244,117,2,11,50,57,111,130,2,5,27,36,74,100,0,6,23,21,37,30
2019_1,1000121,1334,779,555,2,277,487,299,161,108,1,128,284,194,93,79,1,149,203,105,68,29
2019_1,1000120,5545,3231,2314,19,1475,2259,1000,548,244,4,683,1386,687,329,142,15,792,873,313,219,102
2019_1,1000119,343,147,196,1,51,88,93,63,47,0,12,37,40,24,34,1,39,51,53,39,13
2019_1,1000118,1785,1188,597,2,221,346,409,445,362,1,89,249,325,327,197,1,132,97,84,118,165
2019_1,1000117,192,78,114,0,29,43,40,42,38,0,9,17,17,13,22,0,20,26,23,29,16
2019_1,1000116,4319,2342,1977,14,1060,1174,954,646,471,4,252,616,630,455,385,10,808,558,324,191,86
2019_1,1000115,4273,2624,1649,28,968,1174,1104,615,384,8,392,787,775,406,256,20,576,387,329,209,128
2019_1,1000114,8949,5387,3562,40,1811,2149,2090,1793,1066,22,811,1391,1309,1051,803,18,1000,758,781,742,263
2019_1,1000113,5637,3538,2099,34,864,1468,1544,1158,569,22,400,929,1038,726,423,12,464,539,506,432,146
2019_1,1000112,399,168,231,1,48,72,101,92,85,1,10,30,33,43,51,0,38,42,68,49,34
2019_1,1000111,180,103,77,0,18,48,46,34,34,0,7,27,21,19,29,0,11,21,25,15,5
2019_1,1000110,3304,1855,1449,29,1009,861,665,431,309,16,420,479,443,292,205,13,589,382,222,139,104
2019_1,1000109,2336,1348,988,8,531,631,543,366,257,4,232,382,353,236,141,4,299,249,190,130,116
2019_1,1000108,4407,2605,1802,14,633,1013,1003,1096,648,10,315,664,705,610,301,4,318,349,298,486,347
2019_1,1000107,349,208,141,2,45,52,98,111,41,2,19,35,55,63,34,0,26,17,43,48,7
2019_1,1000106,637,404,233,0,70,139,159,151,118,0,34,94,98,90,88,0,36,45,61,61,30
2019_1,1000105,748,378,370,4,180,234,181,101,48,2,71,124,94,49,38,2,109,110,87,52,10
2019_1,1000104,3915,2528,1387,11,754,1157,1013,555,425,7,359,791,700,417,254,4,395,366,313,138,171
2019_1,1000103,888,514,374,0,168,291,221,144,64,0,71,197,117,79,50,0,97,94,104,65,14
2019_1,1000102,112,66,46,0,20,37,30,16,9,0,11,20,18,10,7,0,9,17,12,6,2
2019_1,1000101,147,61,86,2,21,36,40,32,16,2,8,13,14,15,9,0,13,23,26,17,7
2019_1,1000100,399,190,209,0,50,92,96,90,71,0,17,43,47,43,40,0,33,49,49,47,31
2019_1,1000099,725,346,379,1,121,144,155,191,113,1,58,81,86,73,47,0,63,63,69,118,66
2019_1,1000098,209,96,113,1,28,53,50,46,31,1,8,25,21,22,19,0,20,28,29,24,12
2019_1,1000097,177,72,105,1,31,35,36,32,42,1,10,14,15,14,18,0,21,21,21,18,24
2019_1,1000096,107,57,50,0,24,36,22,13,12,0,9,21,14,5,8,0,15,15,8,8,4
2019_1,1000095,307,203,104,0,30,78,71,91,37,0,14,51,45,64,29,0,16,27,26,27,8
2019_1,1000094,718,484,234,4,72,192,214,154,82,2,53,132,143,97,57,2,19,60,71,57,25
2019_1,1000093,408,235,173,0,38,117,107,104,42,0,18,75,64,50,28,0,20,42,43,54,14
2019_1,1000092,3928,2375,1553,33,1087,1111,841,587,269,16,562,732,534,347,184,17,525,379,307,240,85
2019_1,1000091,534,341,193,1,82,117,129,137,68,0,42,76,76,94,53,1,40,41,53,43,15
2019_1,1000090,304,114,190,1,37,51,65,95,55,0,12,28,24,32,18,1,25,23,41,63,37
2019_1,1000089,26,15,11,0,6,3,10,6,1,0,3,2,8,1,1,0,3,1,2,5,0
2019_1,1000088,721,332,389,3,144,144,175,152,103,3,60,57,74,68,70,0,84,87,101,84,33
2019_1,1000087,1018,511,507,0,100,138,192,413,175,0,40,96,133,151,91,0,60,42,59,262,84
2019_1,1000086,236,97,139,0,35,39,60,58,44,0,7,21,29,23,17,0,28,18,31,35,27
2019_1,1000085,237,107,130,1,82,69,32,35,18,0,39,32,15,12,9,1,43,37,17,23,9
2019_1,1000084,1036,528,508,3,321,343,192,97,80,2,143,193,108,56,26,1,178,150,84,41,54
2019_1,1000083,333,228,105,1,51,111,77,61,32,0,29,90,52,35,22,1,22,21,25,26,10
2019_1,1000082,1792,629,1163,24,673,569,228,138,160,6,162,192,127,76,66,18,511,377,101,62,94
2019_1,1000081,1132,513,619,2,98,259,293,315,165,2,30,109,144,128,100,0,68,150,149,187,65
2019_1,1000080,3331,2305,1026,4,347,677,813,899,591,4,166,472,625,627,411,0,181,205,188,272,180
2019_1,1000079,2117,1200,917,11,449,590,505,324,238,4,167,335,307,227,160,7,282,255,198,97,78
2019_1,1000078,913,454,459,5,181,274,208,142,103,4,58,112,111,87,82,1,123,162,97,55,21
2019_1,1000077,10510,2770,7740,135,6067,1906,991,899,512,8,736,1063,599,197,167,127,5331,843,392,702,345
2019_1,1000076,285,146,139,0,44,67,63,73,38,0,15,32,31,40,28,0,29,35,32,33,10
2019_1,1000075,1249,731,518,1,159,305,331,266,187,0,67,138,168,197,161,1,92,167,163,69,26
2019_1,1000074,226,144,82,0,18,54,68,59,27,0,6,30,49,36,23,0,12,24,19,23,4
2019_1,1000073,642,300,342,3,154,166,145,114,60,1,72,84,72,45,26,2,82,82,73,69,34
2019_1,1000072,207,103,104,0,24,37,47,42,57,0,7,14,21,21,40,0,17,23,26,21,17
2019_1,1000071,1630,916,714,6,508,601,268,136,111,3,275,384,172,50,32,3,233,217,96,86,79
2019_1,1000070,960,559,401,8,302,214,133,106,197,4,192,134,70,46,113,4,110,80,63,60,84
2019_1,1000069,231,132,99,1,72,57,36,36,29,1,42,35,18,17,19,0,30,22,18,19,10
2019_1,1000068,1336,937,399,1,223,445,288,248,131,0,142,326,222,182,65,1,81,119,66,66,66
2019_1,1000067,570,345,225,0,41,109,149,111,160,0,25,76,97,56,91,0,16,33,52,55,69
2019_1,1000066,254,146,108,4,36,54,68,56,36,2,21,36,39,31,17,2,15,18,29,25,19
2019_1,1000065,767,526,241,4,95,237,209,130,92,2,56,180,148,90,50,2,39,57,61,40,42
2019_1,1000064,76,45,31,0,15,22,14,13,12,0,11,18,5,6,5,0,4,4,9,7,7
2019_1,1000063,1702,879,823,5,302,796,455,113,31,2,85,365,309,95,23,3,217,431,146,18,8
2019_1,1000062,90,42,48,0,15,26,18,19,12,0,6,14,9,11,2,0,9,12,9,8,10
2019_1,1000061,235,105,130,2,56,57,63,39,18,1,17,26,34,21,6,1,39,31,29,18,12
2019_1,1000060,95,48,47,1,18,27,23,21,5,0,5,15,10,13,5,1,13,12,13,8,0
2019_1,1000059,449,260,189,0,45,111,126,86,81,0,15,49,59,66,71,0,30,62,67,20,10
2019_1,1000058,2534,1735,799,29,455,791,689,435,135,8,225,581,522,305,94,21,230,210,167,130,41
2019_1,1000057,869,527,342,3,113,225,253,160,115,0,38,133,182,100,74,3,75,92,71,60,41
2019_1,1000056,1204,767,437,22,270,217,293,257,145,16,107,141,186,193,124,6,163,76,107,64,21
2019_1,1000055,620,434,186,5,119,144,143,136,73,3,84,101,95,96,55,2,35,43,48,40,18
2019_1,1000054,355,176,179,1,49,110,102,73,20,0,18,61,55,29,13,1,31,49,47,44,7
2019_1,1000053,402,233,169,4,182,119,39,37,21,1,106,78,20,17,11,3,76,41,19,20,10
2019_1,1000052,147,80,67,0,51,42,15,18,21,0,28,25,10,9,8,0,23,17,5,9,13
2019_1,1000051,379,226,153,3,97,144,68,38,29,3,51,96,42,19,15,0,46,48,26,19,14
2019_1,1000050,460,329,131,1,66,192,127,48,26,0,38,125,104,41,21,1,28,67,23,7,5
2019_1,1000049,860,302,558,3,114,213,197,203,130,1,33,83,78,62,45,2,81,130,119,141,85
2019_1,1000048,856,360,496,6,225,209,207,127,82,1,63,83,91,65,57,5,162,126,116,62,25
2019_1,1000047,1332,829,503,2,217,408,375,215,115,0,63,256,276,146,88,2,154,152,99,69,27
2019_1,1000046,1982,875,1107,18,457,572,495,305,135,10,139,240,206,182,98,8,318,332,289,123,37
2019_1,1000045,1208,374,834,2,150,183,248,342,283,1,51,89,91,62,80,1,99,94,157,280,203
2019_1,1000044,449,244,205,1,69,149,100,74,56,0,23,77,59,43,42,1,46,72,41,31,14
2019_1,1000043,102,53,49,0,15,21,26,30,10,0,7,14,14,11,7,0,8,7,12,19,3
2019_1,1000042,669,347,322,1,115,174,155,151,73,0,41,103,86,81,36,1,74,71,69,70,37
2019_1,1000041,890,520,370,1,176,245,233,152,83,0,70,148,153,96,53,1,106,97,80,56,30
2019_1,1000040,3801,1992,1809,15,946,1204,774,593,269,2,267,654,500,397,172,13,679,550,274,196,97
2019_1,1000039,18565,9424,9141,36,2163,7403,5395,2575,993,9,888,3003,2845,1976,703,27,1275,4400,2550,599,290
2019_1,1000038,487,248,239,1,98,132,116,80,60,0,39,65,64,38,42,1,59,67,52,42,18
2019_1,1000037,1042,715,327,0,146,324,261,205,106,0,69,185,198,172,91,0,77,139,63,33,15
2019_1,1000036,1963,907,1056,50,694,465,324,217,213,24,286,253,175,83,86,26,408,212,149,134,127
2019_1,1000035,305,168,137,1,61,78,75,56,34,1,24,46,43,37,17,0,37,32,32,19,17
2019_1,1000034,2116,1397,719,4,494,707,489,262,160,2,253,536,358,158,90,2,241,171,131,104,70
2019_1,1000033,234,99,135,1,32,53,60,60,28,0,13,26,23,22,15,1,19,27,37,38,13
2019_1,1000032,776,423,353,1,129,178,214,155,99,0,50,92,124,89,68,1,79,86,90,66,31
2019_1,1000031,396,208,188,2,48,100,95,110,41,0,25,58,51,47,27,2,23,42,44,63,14
2019_1,1000030,488,260,228,1,73,87,120,144,63,0,29,49,68,73,41,1,44,38,52,71,22
2019_1,1000029,301,180,121,1,53,66,93,69,19,1,20,39,58,50,12,0,33,27,35,19,7
2019_1,1000028,723,401,322,2,166,211,169,105,70,1,67,111,112,65,45,1,99,100,57,40,25
2019_1,1000027,609,363,246,0,93,143,147,124,102,0,35,70,81,82,95,0,58,73,66,42,7
2019_1,1000026,510,207,303,1,112,150,116,74,57,1,24,60,59,31,32,0,88,90,57,43,25
2019_1,1000025,89,36,53,0,8,7,14,27,33,0,1,4,9,7,15,0,7,3,5,20,18
2019_1,1000024,168,22,146,0,12,18,17,64,57,0,2,3,7,6,4,0,10,15,10,58,53
2019_1,1000023,50,24,26,0,2,12,11,22,3,0,0,7,6,9,2,0,2,5,5,13,1
2019_1,1000022,120,56,64,0,3,19,41,46,11,0,0,7,19,22,8,0,3,12,22,24,3
2019_1,1000021,485,344,141,3,45,75,123,159,80,1,9,38,86,141,69,2,36,37,37,18,11
2019_1,1000020,254,118,136,0,38,56,73,56,31,0,14,30,28,27,19,0,24,26,45,29,12
2019_1,1000019,227,106,121,0,22,42,69,45,49,0,9,16,31,23,27,0,13,26,38,22,22
2019_1,1000018,331,152,179,0,61,90,82,49,49,0,21,44,37,19,31,0,40,46,45,30,18
2019_1,1000017,1898,1282,616,7,194,396,482,447,372,2,122,270,320,296,272,5,72,126,162,151,100
2019_1,1000016,457,223,234,2,71,147,119,75,43,0,34,85,48,34,22,2,37,62,71,41,21
2019_1,1000015,1158,567,591,5,255,333,239,198,128,2,95,157,133,105,75,3,160,176,106,93,53
2019_1,1000014,567,371,196,0,84,158,170,112,43,0,51,106,115,65,34,0,33,52,55,47,9
2019_1,1000013,615,353,262,0,122,165,189,100,39,0,34,100,123,65,31,0,88,65,66,35,8
2019_1,1000012,101,56,45,0,22,30,19,15,15,0,13,15,9,9,10,0,9,15,10,6,5
2019_1,1000011,380,129,251,2,33,51,85,108,101,0,8,28,27,34,32,2,25,23,58,74,69
2019_1,1000010,220,114,106,0,42,38,44,37,59,0,18,21,26,12,37,0,24,17,18,25,22
2019_1,1000009,396,171,225,0,106,110,78,65,37,0,35,48,42,32,14,0,71,62,36,33,23
2019_1,1000008,417,178,239,1,60,99,106,102,49,1,24,47,46,40,20,0,36,52,60,62,29
2019_1,1000007,443,163,280,0,110,112,85,77,59,0,31,50,32,31,19,0,79,62,53,46,40
2019_1,1000006,493,197,296,0,132,160,100,60,41,0,31,61,53,30,22,0,101,99,47,30,19
2019_1,1000005,1080,692,388,2,236,313,286,172,71,2,79,207,229,123,52,0,157,106,57,49,19
2019_1,1000004,104,58,46,2,15,26,21,20,20,2,9,14,12,10,11,0,6,12,9,10,9
2019_1,1000003,4822,2188,2634,31,1905,1268,848,440,330,7,592,554,497,279,259,24,1313,714,351,161,71
2019_1,1000002,486,254,232,2,80,96,139,110,59,1,28,48,73,57,47,1,52,48,66,53,12
2019_1,1000001,348,142,206,0,72,98,74,60,44,0,25,36,30,24,27,0,47,62,44,36,17
