기준_년_분기_코드,상권_코드,총_직장_인구_수,남성_직장_인구_수,여성_직장_인구_수,연령대_10_직장_인구_수,연령대_20_직장_인구_수,연령대_30_직장_인구_수,연령대_40_직장_인구_수,연령대_50_직장_인구_수,연령대_60_이상_직장_인구_수,남성연령대_10_직장_인구_수,남성연령대_20_직장_인구_수,남성연령대_30_직장_인구_수,남성연령대_40_직장_인구_수,남성연령대_50_직장_인구_수,남성연령대_60_이상_직장_인구_수,여성연령대_10_직장_인구_수,여성연령대_20_직장_인구_수,여성연령대_30_직장_인구_수,여성연령대_40_직장_인구_수,여성연령대_50_직장_인구_수,여성연령대_60_이상_직장_인구_수
2019_2,1001010,2935,1774,1161,3,404,690,742,680,416,2,245,435,432,401,259,1,159,255,310,279,157
2019_2,1001009,6413,3834,2579,7,841,1549,1578,1691,747,4,418,800,894,1114,604,3,423,749,684,577,143
2019_2,1001008,4362,2489,1873,6,922,1320,1025,667,422,2,374,799,633,408,273,4,548,521,392,259,149
2019_2,1001007,1171,816,355,0,136,192,317,334,192,0,76,129,237,232,142,0,60,63,80,102,50
2019_2,1001006,1996,1108,888,1,214,372,452,488,469,0,93,223,230,211,351,1,121,149,222,277,118
2019_2,1001005,5819,2884,2935,10,762,1304,1328,1305,1110,6,285,715,697,495,686,4,477,589,631,810,424
2019_2,1001004,12826,6999,5827,84,2661,3295,3437,1623,1726,7,1068,1690,2133,989,1112,77,1593,1605,1304,634,614
2019_2,1001003,11820,6646,5174,80,2534,3243,3220,1263,1480,3,1051,1759,2067,828,938,77,1483,1484,1153,435,542
2019_2,1001002,3333,1953,1380,4,360,639,806,782,742,1,144,386,447,451,524,3,216,253,359,331,218
2019_2,1001001,3865,2291,1574,7,316,674,926,943,999,2,134,400,528,561,666,5,182,274,398,382,333
2019_2,1001000,4354,2115,2239,12,469,727,1014,1033,1099,6,176,394,514,366,659,6,293,333,500,667,440
2019_2,1000999,6581,3643,2938,10,1012,1381,1352,1175,1651,6,345,719,773,664,1136,4,667,662,579,511,515
2019_2,1000998,2292,1267,1025,3,264,397,442,403,783,3,113,236,244,244,427,0,151,161,198,159,356
2019_2,1000997,1683,783,900,2,176,317,439,421,328,1,65,142,177,192,206,1,111,175,262,229,122
2019_2,1000996,1759,873,886,3,223,319,402,396,416,1,87,143,169,201,272,2,136,176,233,195,144
2019_2,1000995,2054,1050,1004,5,237,392,495,466,459,1,94,185,243,238,289,4,143,207,252,228,170
2019_2,1000994,2257,1124,1133,5,278,468,537,482,487,1,96,208,267,240,312,4,182,260,270,242,175
2019_2,1000993,12893,8149,4744,46,1461,3170,3209,3298,1709,16,658,1827,2026,2365,1257,30,803,1343,1183,933,452
2019_2,1000992,5065,2774,2291,6,708,1255,1067,1122,907,5,310,701,636,557,565,1,398,554,431,565,342
2019_2,1000991,3558,2094,1464,6,364,676,782,886,844,5,220,434,479,453,503,1,144,242,303,433,341
2019_2,1000990,3801,2223,1578,11,412,760,852,952,814,9,228,461,513,509,503,2,184,299,339,443,311
2019_2,1000989,3936,2078,1858,10,445,766,947,932,836,2,187,424,495,459,511,8,258,342,452,473,325
2019_2,1000988,3828,2324,1504,6,351,684,875,887,1025,1,172,413,510,531,697,5,179,271,365,356,328
2019_2,1000987,3422,1642,1780,10,388,509,742,907,866,5,182,304,370,322,459,5,206,205,372,585,407
2019_2,1000986,8074,3845,4229,14,1367,1851,1787,1747,1308,9,491,942,946,731,726,5,876,909,841,1016,582
2019_2,1000985,3610,2190,1420,4,499,861,873,918,455,1,236,508,503,605,337,3,263,353,370,313,118
2019_2,1000984,12518,7819,4699,43,1389,2892,3190,3206,1798,15,621,1653,1950,2271,1309,28,768,1239,1240,935,489
2019_2,1000983,12105,7423,4682,43,1438,3036,3079,2814,1695,15,675,1734,1884,1870,1245,28,763,1302,1195,944,450
2019_2,1000982,1123,784,339,0,127,190,316,321,169,0,68,126,233,232,125,0,59,64,83,89,44
2019_2,1000981,4187,1957,2230,7,376,714,938,1087,1065,6,164,390,473,396,528,1,212,324,465,691,537
2019_2,1000980,2483,1110,1373,1,254,477,607,628,516,1,74,246,286,259,244,0,180,231,321,369,272
2019_2,1000979,2372,1253,1119,2,226,405,530,427,782,2,84,216,291,230,430,0,142,189,239,197,352
2019_2,1000978,2550,1309,1241,3,274,453,550,475,795,3,108,238,283,240,437,0,166,215,267,235,358
2019_2,1000977,8097,4174,3923,3,1042,2186,2577,1524,765,2,297,1156,1299,893,527,1,745,1030,1278,631,238
2019_2,1000976,1212,635,577,0,147,298,320,319,128,0,61,155,149,188,82,0,86,143,171,131,46
2019_2,1000975,650,259,391,0,70,128,134,203,115,0,17,49,57,81,55,0,53,79,77,122,60
2019_2,1000974,997,494,503,6,106,204,221,321,139,2,45,77,101,170,99,4,61,127,120,151,40
2019_2,1000973,2731,1409,1322,5,240,520,695,712,559,1,79,235,349,389,356,4,161,285,346,323,203
2019_2,1000972,2629,1447,1182,7,293,549,671,599,510,4,117,267,357,355,347,3,176,282,314,244,163
2019_2,1000971,1611,879,732,5,153,243,366,399,445,3,52,107,181,200,336,2,101,136,185,199,109
2019_2,1000970,1312,682,630,0,147,322,367,354,122,0,61,158,179,205,79,0,86,164,188,149,43
2019_2,1000969,1218,701,517,3,152,267,271,322,203,2,64,151,136,182,166,1,88,116,135,140,37
2019_2,1000968,3531,1636,1895,5,342,558,751,901,974,4,149,321,371,306,485,1,193,237,380,595,489
2019_2,1000967,4322,2679,1643,11,532,1094,1225,870,590,7,277,674,771,534,416,4,255,420,454,336,174
2019_2,1000966,2719,1449,1270,4,388,539,606,722,460,2,180,272,317,340,338,2,208,267,289,382,122
2019_2,1000965,4694,2860,1834,44,779,988,1124,1116,643,22,423,642,678,621,474,22,356,346,446,495,169
2019_2,1000964,9074,6223,2851,21,1522,2600,2306,1709,916,16,890,1837,1667,1104,709,5,632,763,639,605,207
2019_2,1000963,23598,14142,9456,75,4794,6887,5253,4174,2415,35,2379,4455,3602,2257,1414,40,2415,2432,1651,1917,1001
2019_2,1000962,20595,13764,6831,17,2557,5188,5920,4791,2122,4,1256,3249,3872,3675,1708,13,1301,1939,2048,1116,414
2019_2,1000961,7677,5030,2647,11,851,1612,1956,1866,1381,6,279,897,1293,1418,1137,5,572,715,663,448,244
2019_2,1000960,16223,9945,6278,30,1583,3449,3266,2497,5398,18,800,2159,2157,1309,3502,12,783,1290,1109,1188,1896
2019_2,1000959,17572,10016,7556,33,2192,3541,3119,3030,5657,14,931,2029,1946,1491,3605,19,1261,1512,1173,1539,2052
2019_2,1000958,23245,14306,8939,53,2423,4715,4983,4515,6556,16,1225,3034,3248,2529,4254,37,1198,1681,1735,1986,2302
2019_2,1000957,5840,3661,2179,10,747,1313,1535,1349,886,5,416,892,990,724,634,5,331,421,545,625,252
2019_2,1000956,35416,26954,8462,13,2712,5987,10285,13646,2773,4,1369,4101,7854,11695,1931,9,1343,1886,2431,1951,842
2019_2,1000955,11388,6450,4938,55,1615,3065,2866,2225,1562,28,786,1838,1748,1050,1000,27,829,1227,1118,1175,562
2019_2,1000954,11553,7233,4320,10,1635,2810,2807,2588,1703,1,729,1705,1827,1710,1261,9,906,1105,980,878,442
2019_2,1000953,12352,7584,4768,23,2230,3187,2763,2550,1599,15,1206,2143,1853,1405,962,8,1024,1044,910,1145,637
2019_2,1000952,15970,11329,4641,57,2333,3908,4464,3621,1587,45,1237,2615,3440,2745,1247,12,1096,1293,1024,876,340
2019_2,1000951,19492,10586,8906,68,3874,5181,4386,3804,2179,30,1574,3011,2818,1927,1226,38,2300,2170,1568,1877,953
2019_2,1000950,9117,5781,3336,10,1155,2349,2221,1781,1601,4,545,1599,1536,1053,1044,6,610,750,685,728,557
2019_2,1000949,6431,4340,2091,3,877,2033,1618,1085,815,0,477,1495,1129,639,600,3,400,538,489,446,215
2019_2,1000948,5775,3807,1968,13,694,1205,1410,1383,1070,9,371,777,928,904,818,4,323,428,482,479,252
2019_2,1000947,7036,4971,2065,12,858,1631,1571,1260,1704,8,421,1052,1086,894,1510,4,437,579,485,366,194
2019_2,1000946,6872,4466,2406,11,824,1403,1540,1665,1429,8,419,900,1026,1063,1050,3,405,503,514,602,379
2019_2,1000945,10949,7355,3594,12,1391,2430,2518,2269,2329,8,692,1582,1705,1456,1912,4,699,848,813,813,417
2019_2,1000944,5097,3319,1778,8,633,1100,1200,1167,989,2,297,752,820,723,725,6,336,348,380,444,264
2019_2,1000943,11106,6995,4111,8,1623,2780,2699,2618,1378,1,736,1766,1802,1701,989,7,887,1014,897,917,389
2019_2,1000942,1973,1087,886,0,174,383,548,537,331,0,94,217,281,250,245,0,80,166,267,287,86
2019_2,1000941,6118,3572,2546,54,1175,1546,1345,1277,721,32,593,898,832,697,520,22,582,648,513,580,201
2019_2,1000940,1854,894,960,1,184,370,509,526,264,1,84,185,215,231,178,0,100,185,294,295,86
2019_2,1000939,25259,10976,14283,120,6286,7594,5973,3491,1795,48,2100,3502,2690,1545,1091,72,4186,4092,3283,1946,704
2019_2,1000938,13269,8632,4637,42,2658,4296,3151,1907,1215,32,1414,2889,2197,1277,823,10,1244,1407,954,630,392
2019_2,1000937,14323,8655,5668,49,2780,4429,3319,2344,1402,23,1162,2468,2301,1629,1072,26,1618,1961,1018,715,330
2019_2,1000936,25857,17165,8692,53,5369,7243,5656,4010,3526,18,2276,4626,4298,3215,2732,35,3093,2617,1358,795,794
2019_2,1000935,50658,28954,21704,120,10989,18359,12235,6170,2785,43,4334,11007,8299,3589,1682,77,6655,7352,3936,2581,1103
2019_2,1000934,10670,3745,6925,18,3072,3557,2218,1258,547,3,641,1219,903,619,360,15,2431,2338,1315,639,187
2019_2,1000933,3417,2107,1310,3,418,649,844,791,712,2,233,396,527,498,451,1,185,253,317,293,261
2019_2,1000932,28380,17099,11281,50,4869,7767,7342,5143,3209,27,2327,5020,4699,2974,2052,23,2542,2747,2643,2169,1157
2019_2,1000931,62892,48029,14863,51,10301,18060,15895,12438,6147,27,6265,13641,13615,10424,4057,24,4036,4419,2280,2014,2090
2019_2,1000930,92700,56558,36142,158,15509,26779,25201,20625,4428,70,9248,18666,16288,9254,3032,88,6261,8113,8913,11371,1396
2019_2,1000929,14779,9440,5339,37,2724,4525,4035,2461,997,17,1216,2939,2830,1699,739,20,1508,1586,1205,762,258
2019_2,1000928,4350,2826,1524,78,802,1137,1013,813,507,29,488,765,652,501,391,49,314,372,361,312,116
2019_2,1000927,22906,11534,11372,53,5812,7398,4918,3110,1615,11,1665,3496,2921,2305,1136,42,4147,3902,1997,805,479
2019_2,1000926,21360,13524,7836,42,3224,6259,5594,4164,2077,15,1394,3629,3859,2994,1633,27,1830,2630,1735,1170,444
2019_2,1000925,14903,8743,6160,50,2409,4304,3662,2750,1728,23,1028,2554,2344,1646,1148,27,1381,1750,1318,1104,580
2019_2,1000924,19126,11898,7228,44,3470,5639,4866,3338,1769,17,1469,3279,3357,2375,1401,27,2001,2360,1509,963,368
2019_2,1000923,39655,25233,14422,121,6246,12100,11148,6617,3423,20,2642,7381,8038,4955,2197,101,3604,4719,3110,1662,1226
2019_2,1000922,11237,6265,4972,39,1741,2954,2686,2305,1512,23,744,1612,1569,1316,1001,16,997,1342,1117,989,511
2019_2,1000921,26010,14918,11092,55,4589,6959,6717,4846,2844,26,2144,4462,4058,2511,1717,29,2445,2497,2659,2335,1127
2019_2,1000920,17197,11593,5604,39,2076,5044,4684,3617,1737,26,1014,3578,3306,2516,1153,13,1062,1466,1378,1101,584
2019_2,1000919,13015,9541,3474,23,1392,4187,3779,2692,942,12,703,3133,2853,2136,704,11,689,1054,926,556,238
2019_2,1000918,14517,7537,6980,29,3644,4918,3062,1807,1057,8,1346,2570,1874,1070,669,21,2298,2348,1188,737,388
2019_2,1000917,15288,9326,5962,55,3121,4489,3424,2225,1974,25,1298,2869,2391,1384,1359,30,1823,1620,1033,841,615
2019_2,1000916,26050,14721,11329,70,5405,8028,5919,4140,2488,23,2397,4963,3809,2012,1517,47,3008,3065,2110,2128,971
2019_2,1000915,11412,7492,3920,38,2418,3827,2576,1570,983,23,1097,2265,2002,1290,815,15,1321,1562,574,280,168
2019_2,1000914,26569,16745,9824,55,5489,8274,6188,3977,2586,21,2402,4975,4381,2947,2019,34,3087,3299,1807,1030,567
2019_2,1000913,26048,16651,9397,59,5608,7884,6074,3996,2427,30,2443,5005,4338,3016,1819,29,3165,2879,1736,980,608
2019_2,1000912,31422,24054,7368,28,5569,8927,8156,5635,3107,13,3239,6771,6901,4672,2458,15,2330,2156,1255,963,649
2019_2,1000911,35398,20349,15049,66,6794,10125,9282,7856,1275,22,2350,4926,6040,6077,934,44,4444,5199,3242,1779,341
2019_2,1000910,45427,25601,19826,85,9377,13941,11490,8963,1571,24,3106,6709,7481,7104,1177,61,6271,7232,4009,1859,394
2019_2,1000909,21633,11895,9738,41,4471,6693,5235,3463,1730,19,1391,3277,3397,2499,1312,22,3080,3416,1838,964,418
2019_2,1000908,22258,12215,10043,41,4405,6925,5448,3579,1860,14,1464,3678,3443,2299,1317,27,2941,3247,2005,1280,543
2019_2,1000907,21865,11878,9987,52,5390,6708,5039,3072,1604,14,1917,3610,3200,1965,1172,38,3473,3098,1839,1107,432
2019_2,1000906,14091,7339,6752,22,3648,4354,3232,1773,1062,5,1197,2300,1985,1105,747,17,2451,2054,1247,668,315
2019_2,1000905,12413,6807,5606,22,3346,3822,2597,1488,1138,6,1207,2077,1689,999,829,16,2139,1745,908,489,309
2019_2,1000904,27418,16462,10956,107,6252,8048,6730,4340,1941,43,2769,4814,4512,2860,1464,64,3483,3234,2218,1480,477
2019_2,1000903,3770,2475,1295,3,457,917,835,839,719,3,230,635,549,548,510,0,227,282,286,291,209
2019_2,1000902,32015,23227,8788,54,4536,8720,9006,7270,2429,20,2131,5684,7176,6266,1950,34,2405,3036,1830,1004,479
2019_2,1000901,45634,23984,21650,185,7936,10659,13617,9776,3461,101,3804,6324,6703,4903,2149,84,4132,4335,6914,4873,1312
2019_2,1000900,44511,22711,21800,185,7594,11610,13304,8562,3256,94,3700,7207,6237,3346,2127,91,3894,4403,7067,5216,1129
2019_2,1000899,7485,3505,3980,10,1631,2151,1771,1167,755,2,560,1012,833,587,511,8,1071,1139,938,580,244
2019_2,1000898,25238,14362,10876,68,6374,7890,5585,3127,2194,22,2378,4448,3722,2099,1693,46,3996,3442,1863,1028,501
2019_2,1000897,9753,5955,3798,42,2268,2662,2156,1461,1164,27,1107,1646,1454,923,798,15,1161,1016,702,538,366
2019_2,1000896,22705,14815,7890,91,5168,6849,5172,3461,1964,49,2502,4476,3816,2559,1413,42,2666,2373,1356,902,551
2019_2,1000895,6728,3828,2900,10,887,1560,1669,1578,1024,4,402,952,925,794,751,6,485,608,744,784,273
2019_2,1000894,14559,8201,6358,36,3096,4760,3411,1905,1351,12,1066,2732,2317,1153,921,24,2030,2028,1094,752,430
2019_2,1000893,18776,11937,6839,58,3508,5241,4583,2968,2418,22,1403,3406,3413,2081,1612,36,2105,1835,1170,887,806
2019_2,1000892,4987,3716,1271,2,713,1633,1263,815,561,0,428,1238,993,591,466,2,285,395,270,224,95
2019_2,1000891,4647,2997,1650,15,830,1407,1120,785,490,7,425,899,754,509,403,8,405,508,366,276,87
2019_2,1000890,17163,9905,7258,34,2419,4854,4611,3495,1750,13,1228,3087,2682,1658,1237,21,1191,1767,1929,1837,513
2019_2,1000889,31977,13405,18572,121,4880,7459,10000,7084,2433,61,2356,4159,3356,1964,1509,60,2524,3300,6644,5120,924
2019_2,1000888,26412,13779,12633,61,6527,8524,5631,3539,2130,27,1940,4511,3653,2117,1531,34,4587,4013,1978,1422,599
2019_2,1000887,27582,15223,12359,53,6946,9360,6141,3329,1753,25,2379,5259,4169,2182,1209,28,4567,4101,1972,1147,544
2019_2,1000886,10119,6479,3640,65,2299,3011,2340,1462,942,46,1265,1998,1612,922,636,19,1034,1013,728,540,306
2019_2,1000885,21908,13370,8538,62,4326,6361,5527,3770,1862,15,1763,3844,3814,2549,1385,47,2563,2517,1713,1221,477
2019_2,1000884,12909,5920,6989,15,2089,3345,3964,2428,1068,6,665,1398,1894,1292,665,9,1424,1947,2070,1136,403
2019_2,1000883,28079,21029,7050,70,4852,9562,7294,4585,1716,34,2708,7309,5946,3819,1213,36,2144,2253,1348,766,503
2019_2,1000882,8829,5689,3140,15,1118,2758,2319,1519,1100,5,546,1600,1611,1089,838,10,572,1158,708,430,262
2019_2,1000881,10652,7146,3506,54,2134,3234,2468,1613,1149,46,1222,2201,1783,1074,820,8,912,1033,685,539,329
2019_2,1000880,13045,8684,4361,53,2547,3703,3078,2035,1629,41,1369,2475,2226,1355,1218,12,1178,1228,852,680,411
2019_2,1000879,13110,6497,6613,21,2110,3710,3784,2413,1072,11,689,1717,1804,1492,784,10,1421,1993,1980,921,288
2019_2,1000878,4929,2734,2195,8,884,1442,1210,918,467,5,333,770,757,527,342,3,551,672,453,391,125
2019_2,1000877,10699,5239,5460,26,2893,3482,2197,1325,776,11,802,1758,1383,763,522,15,2091,1724,814,562,254
2019_2,1000876,18611,11765,6846,44,2425,5208,5063,3739,2132,25,1352,3536,3203,2104,1545,19,1073,1672,1860,1635,587
2019_2,1000875,10753,6415,4338,27,2095,3343,2715,1547,1026,13,815,2030,1918,959,680,14,1280,1313,797,588,346
2019_2,1000874,9023,4380,4643,24,1460,2163,2341,1816,1219,15,544,1044,1099,870,808,9,916,1119,1242,946,411
2019_2,1000873,20650,12891,7759,25,3403,6444,5728,3918,1132,15,1776,4156,3683,2452,809,10,1627,2288,2045,1466,323
2019_2,1000872,11174,5079,6095,18,1933,2823,2802,2161,1437,10,654,1233,1285,1018,879,8,1279,1590,1517,1143,558
2019_2,1000871,21807,14793,7014,84,4381,6615,4905,3693,2129,41,2040,4333,3735,2915,1729,43,2341,2282,1170,778,400
2019_2,1000870,13211,8808,4403,33,2047,3288,3287,2779,1777,17,906,2009,2365,2103,1408,16,1141,1279,922,676,369
2019_2,1000869,9162,5644,3518,33,1470,2309,2193,1693,1464,19,646,1351,1399,1114,1115,14,824,958,794,579,349
2019_2,1000868,12049,6278,5771,27,3045,3854,2771,1610,742,13,933,1985,1812,1001,534,14,2112,1869,959,609,208
2019_2,1000867,10115,7115,3000,15,1368,2820,2726,2036,1150,6,700,1963,2079,1545,822,9,668,857,647,491,328
2019_2,1000866,14502,10889,3613,21,1600,3974,3844,3524,1539,11,873,2888,3131,2886,1100,10,727,1086,713,638,439
2019_2,1000865,18186,10158,8028,34,3205,5697,4593,3326,1331,22,1297,3219,2745,1907,968,12,1908,2478,1848,1419,363
2019_2,1000864,16445,10082,6363,44,3413,4842,4019,2823,1304,14,1197,2937,2860,2041,1033,30,2216,1905,1159,782,271
2019_2,1000863,12497,8267,4230,42,2309,3407,2736,2501,1502,7,845,2140,2074,1970,1231,35,1464,1267,662,531,271
2019_2,1000862,13590,9838,3752,49,2494,3876,3329,2787,1055,38,1374,2657,2630,2338,801,11,1120,1219,699,449,254
2019_2,1000861,14975,11362,3613,9,1484,4657,4333,2960,1532,4,821,3597,3603,2356,981,5,663,1060,730,604,551
2019_2,1000860,41106,20067,21039,326,8697,9758,11173,7568,3584,162,4186,5771,4703,2765,2480,164,4511,3987,6470,4803,1104
2019_2,1000859,12733,8561,4172,28,1835,3351,3106,2681,1732,17,982,2281,2248,1807,1226,11,853,1070,858,874,506
2019_2,1000858,6983,3566,3417,2,1191,1882,1810,1266,832,0,397,844,961,752,612,2,794,1038,849,514,220
2019_2,1000857,18090,10602,7488,45,2328,4777,4910,3852,2178,25,1222,3077,2877,1903,1498,20,1106,1700,2033,1949,680
2019_2,1000856,9596,6055,3541,33,1462,2847,2358,1800,1096,22,792,1814,1478,1157,792,11,670,1033,880,643,304
2019_2,1000855,16028,11533,4495,23,1974,4603,4356,3596,1476,12,1019,3162,3410,2858,1072,11,955,1441,946,738,404
2019_2,1000854,15047,6360,8687,35,2807,3704,4303,2863,1335,26,832,1544,1891,1337,730,9,1975,2160,2412,1526,605
2019_2,1000853,16774,8164,8610,41,2498,4036,4876,3255,2068,21,861,1820,2455,1704,1303,20,1637,2216,2421,1551,765
2019_2,1000852,46436,23315,23121,308,9185,11845,13022,8763,3313,149,4486,7159,5801,3327,2393,159,4699,4686,7221,5436,920
2019_2,1000851,10695,6765,3930,53,1851,3105,2549,1968,1169,39,1115,2063,1554,1171,823,14,736,1042,995,797,346
2019_2,1000850,11863,6444,5419,24,2352,3574,2742,2033,1138,5,950,2173,1754,964,598,19,1402,1401,988,1069,540
2019_2,1000849,23106,13802,9304,31,3565,7258,5382,4292,2578,20,1701,4023,3359,2842,1857,11,1864,3235,2023,1450,721
2019_2,1000848,20952,13375,7577,15,2534,6903,5532,3794,2174,8,1153,4139,3904,2614,1557,7,1381,2764,1628,1180,617
2019_2,1000847,16992,11435,5557,49,1779,4153,4875,3951,2185,19,771,2653,3587,2892,1513,30,1008,1500,1288,1059,672
2019_2,1000846,85264,76488,8776,31,7910,17382,22787,33801,3353,15,6276,14786,20286,32181,2944,16,1634,2596,2501,1620,409
2019_2,1000845,22589,14461,8128,75,4683,6712,4977,3294,2848,27,2072,4511,3700,2176,1975,48,2611,2201,1277,1118,873
2019_2,1000844,19777,12359,7418,210,5310,6004,4187,2601,1465,105,2633,3952,3043,1639,987,105,2677,2052,1144,962,478
2019_2,1000843,1124,583,541,0,155,286,293,218,172,0,47,146,137,125,128,0,108,140,156,93,44
2019_2,1000842,727,377,350,3,79,196,205,158,86,1,22,94,129,69,62,2,57,102,76,89,24
2019_2,1000841,402,168,234,2,41,76,119,98,66,1,10,19,58,43,37,1,31,57,61,55,29
2019_2,1000840,729,374,355,2,108,133,199,191,96,1,54,67,121,92,39,1,54,66,78,99,57
2019_2,1000839,2532,1846,686,4,408,671,767,447,235,2,261,500,591,334,158,2,147,171,176,113,77
2019_2,1000838,2140,1606,534,3,328,609,637,369,194,1,211,450,524,278,142,2,117,159,113,91,52
2019_2,1000837,5569,3260,2309,9,731,1326,1307,1153,1043,4,333,797,773,626,727,5,398,529,534,527,316
2019_2,1000836,2967,1557,1410,10,424,619,762,680,472,4,155,317,408,361,312,6,269,302,354,319,160
2019_2,1000835,3413,1832,1581,8,489,998,1068,591,259,7,210,573,583,283,176,1,279,425,485,308,83
2019_2,1000834,3280,1614,1666,14,514,826,789,561,576,6,134,355,420,344,355,8,380,471,369,217,221
2019_2,1000833,2508,1207,1301,3,302,553,551,537,562,3,99,294,268,266,277,0,203,259,283,271,285
2019_2,1000832,2016,995,1021,10,258,382,514,468,384,6,84,180,265,253,207,4,174,202,249,215,177
2019_2,1000831,5980,4243,1737,7,499,1085,1171,1151,2067,4,268,716,749,709,1797,3,231,369,422,442,270
2019_2,1000830,5926,4561,1365,5,560,1260,1403,1062,1636,2,257,915,1098,788,1501,3,303,345,305,274,135
2019_2,1000829,17980,10118,7862,39,3564,6331,4715,2087,1244,16,1429,3664,2907,1224,878,23,2135,2667,1808,863,366
2019_2,1000828,2466,1336,1130,4,301,537,479,538,607,1,111,290,252,292,390,3,190,247,227,246,217
2019_2,1000827,2745,1382,1363,3,333,598,601,586,624,3,122,325,299,311,322,0,211,273,302,275,302
2019_2,1000826,1959,1087,872,3,292,477,546,423,218,2,148,280,298,205,154,1,144,197,248,218,64
2019_2,1000825,817,382,435,0,119,194,241,160,103,0,42,98,104,76,62,0,77,96,137,84,41
2019_2,1000824,2490,1262,1228,11,277,443,573,559,627,7,91,220,303,317,324,4,186,223,270,242,303
2019_2,1000823,2499,1069,1430,9,557,558,473,474,428,4,195,221,240,204,205,5,362,337,233,270,223
2019_2,1000822,3363,2267,1096,0,519,898,1023,653,270,0,228,629,785,454,171,0,291,269,238,199,99
2019_2,1000821,3331,1514,1817,7,668,663,656,604,733,3,206,274,315,264,452,4,462,389,341,340,281
2019_2,1000820,2309,943,1366,5,530,543,484,423,324,3,147,212,225,167,189,2,383,331,259,256,135
2019_2,1000819,786,437,349,0,68,157,183,183,195,0,25,79,95,85,153,0,43,78,88,98,42
2019_2,1000818,1469,928,541,0,129,263,368,376,333,0,58,138,216,254,262,0,71,125,152,122,71
2019_2,1000817,2832,2034,798,4,389,648,801,586,404,2,254,479,594,418,287,2,135,169,207,168,117
2019_2,1000816,2680,1853,827,1,416,770,738,501,254,0,243,513,544,360,193,1,173,257,194,141,61
2019_2,1000815,3501,1739,1762,5,633,677,718,664,804,3,194,297,355,344,546,2,439,380,363,320,258
2019_2,1000814,3807,2469,1338,7,724,901,964,721,490,5,334,575,677,519,359,2,390,326,287,202,131
2019_2,1000813,1708,1051,657,2,188,315,427,414,362,1,93,182,257,259,259,1,95,133,170,155,103
2019_2,1000812,7532,3165,4367,8,1231,1782,1659,1735,1117,3,293,727,776,770,596,5,938,1055,883,965,521
2019_2,1000811,2149,1182,967,5,226,466,524,493,435,4,93,261,295,245,284,1,133,205,229,248,151
2019_2,1000810,1794,1093,701,1,180,343,464,427,379,1,82,181,258,281,290,0,98,162,206,146,89
2019_2,1000809,827,393,434,5,111,178,188,218,127,4,39,92,88,98,72,1,72,86,100,120,55
2019_2,1000808,947,511,436,6,104,200,226,267,144,5,32,107,123,152,92,1,72,93,103,115,52
2019_2,1000807,1478,719,759,18,167,268,326,377,322,16,65,140,160,150,188,2,102,128,166,227,134
2019_2,1000806,2196,1683,513,1,339,600,641,397,218,0,221,467,521,313,161,1,118,133,120,84,57
2019_2,1000805,1117,644,473,0,140,303,307,216,151,0,45,162,204,122,111,0,95,141,103,94,40
2019_2,1000804,2870,1609,1261,7,337,634,772,588,532,5,140,365,444,298,357,2,197,269,328,290,175
2019_2,1000803,3537,2297,1240,2,533,874,901,631,596,2,252,563,633,398,449,0,281,311,268,233,147
2019_2,1000802,6766,3909,2857,7,1303,1742,1709,1183,822,4,536,963,1029,755,622,3,767,779,680,428,200
2019_2,1000801,4016,2615,1401,5,585,958,1081,749,638,3,283,622,754,470,483,2,302,336,327,279,155
2019_2,1000800,2154,1155,999,4,330,613,569,387,251,3,127,330,311,205,179,1,203,283,258,182,72
2019_2,1000799,3074,1859,1215,4,431,694,748,670,527,0,177,396,447,425,414,4,254,298,301,245,113
2019_2,1000798,2016,1192,824,4,210,462,466,523,351,3,113,282,266,303,225,1,97,180,200,220,126
2019_2,1000797,4516,3110,1406,3,585,1208,1268,986,466,2,280,865,972,687,304,1,305,343,296,299,162
2019_2,1000796,4960,3441,1519,7,663,1325,1435,1078,452,3,318,968,1121,731,300,4,345,357,314,347,152
2019_2,1000795,4960,3467,1493,20,381,767,855,962,1975,17,197,445,502,570,1736,3,184,322,353,392,239
2019_2,1000794,1946,948,998,1,442,487,403,303,310,0,121,241,187,147,252,1,321,246,216,156,58
2019_2,1000793,1341,639,702,20,165,271,296,347,242,17,62,121,136,159,144,3,103,150,160,188,98
2019_2,1000792,4511,3556,955,7,683,1342,1423,777,279,5,421,1089,1230,619,192,2,262,253,193,158,87
2019_2,1000791,967,488,479,6,118,204,241,288,110,5,47,107,120,141,68,1,71,97,121,147,42
2019_2,1000790,1205,654,551,0,136,225,293,333,218,0,50,106,142,191,165,0,86,119,151,142,53
2019_2,1000789,1312,728,584,1,129,247,328,383,224,1,51,113,159,229,175,0,78,134,169,154,49
2019_2,1000788,5197,3075,2122,7,770,1307,1227,964,922,3,327,773,734,564,674,4,443,534,493,400,248
2019_2,1000787,5486,2157,3329,7,963,1365,1186,1323,642,1,207,517,550,515,367,6,756,848,636,808,275
2019_2,1000786,831,403,428,1,111,181,240,206,92,1,41,89,109,104,59,0,70,92,131,102,33
2019_2,1000785,4600,2514,2086,8,672,1129,1235,909,647,6,273,619,679,493,444,2,399,510,556,416,203
2019_2,1000784,3932,2599,1333,3,637,1021,1177,790,304,3,278,703,877,542,196,0,359,318,300,248,108
2019_2,1000783,2909,1444,1465,10,371,630,725,687,486,8,144,326,400,313,253,2,227,304,325,374,233
2019_2,1000782,1891,807,1084,3,201,369,440,502,376,1,53,151,218,200,184,2,148,218,222,302,192
2019_2,1000781,6542,3309,3233,23,1018,1671,1591,1411,828,6,337,706,829,866,565,17,681,965,762,545,263
2019_2,1000780,6202,3748,2454,9,829,1600,1511,1540,713,3,411,924,900,1033,477,6,418,676,611,507,236
2019_2,1000779,698,356,342,0,115,136,174,163,110,0,49,71,88,76,72,0,66,65,86,87,38
2019_2,1000778,983,513,470,0,129,188,252,231,183,0,56,97,126,114,120,0,73,91,126,117,63
2019_2,1000777,6741,3867,2874,16,874,2182,1791,1269,609,7,410,1157,1059,841,393,9,464,1025,732,428,216
2019_2,1000776,1775,914,861,2,176,379,454,479,285,1,78,184,222,259,170,1,98,195,232,220,115
2019_2,1000775,3413,2145,1268,14,466,729,875,918,411,6,271,486,562,578,242,8,195,243,313,340,169
2019_2,1000774,7717,4507,3210,14,1363,2427,1929,1223,761,5,556,1503,1249,752,442,9,807,924,680,471,319
2019_2,1000773,19681,12377,7304,38,3729,4075,3301,4433,4105,18,2736,3190,2122,2187,2124,20,993,885,1179,2246,1981
2019_2,1000772,18024,11520,6504,25,3426,3736,3002,4070,3765,12,2643,2997,1953,1952,1963,13,783,739,1049,2118,1802
2019_2,1000771,17606,11183,6423,35,3393,3529,2806,3983,3860,18,2627,2863,1800,1914,1961,17,766,666,1006,2069,1899
2019_2,1000770,17909,11394,6515,34,3439,3610,2908,4038,3880,18,2667,2912,1882,1949,1966,16,772,698,1026,2089,1914
2019_2,1000769,1652,1153,499,3,159,390,444,507,149,2,79,257,306,395,114,1,80,133,138,112,35
2019_2,1000768,7354,4580,2774,24,1586,2021,1819,1210,694,17,718,1352,1258,745,490,7,868,669,561,465,204
2019_2,1000767,1699,789,910,0,195,326,399,421,358,0,85,160,187,187,170,0,110,166,212,234,188
2019_2,1000766,1440,636,804,0,132,267,355,358,328,0,51,129,166,136,154,0,81,138,189,222,174
2019_2,1000765,475,196,279,1,61,72,121,126,94,1,13,31,51,48,52,0,48,41,70,78,42
2019_2,1000764,689,340,349,0,74,116,196,166,137,0,20,48,96,80,96,0,54,68,100,86,41
2019_2,1000763,758,411,347,1,87,151,203,167,149,1,33,82,104,86,105,0,54,69,99,81,44
2019_2,1000762,663,387,276,1,84,148,158,155,117,1,50,99,89,83,65,0,34,49,69,72,52
2019_2,1000761,1876,909,967,1,327,435,405,422,286,0,105,216,235,187,166,1,222,219,170,235,120
2019_2,1000760,3185,1684,1501,2,516,920,937,562,248,1,199,521,534,263,166,1,317,399,403,299,82
2019_2,1000759,2701,1283,1418,3,385,699,698,570,346,2,141,351,353,257,179,1,244,348,345,313,167
2019_2,1000758,2367,1135,1232,4,370,631,580,483,299,2,131,327,290,226,159,2,239,304,290,257,140
2019_2,1000757,1998,920,1078,1,273,386,480,457,401,0,117,180,214,207,202,1,156,206,266,250,199
2019_2,1000756,3286,2034,1252,2,409,803,884,728,460,1,221,534,501,428,349,1,188,269,383,300,111
2019_2,1000755,4778,2722,2056,2,683,1284,1292,952,565,0,233,646,806,642,395,2,450,638,486,310,170
2019_2,1000754,2179,1452,727,0,229,578,490,504,378,0,128,394,314,328,288,0,101,184,176,176,90
2019_2,1000753,2526,1239,1287,4,391,646,695,461,329,1,114,298,350,257,219,3,277,348,345,204,110
2019_2,1000752,3024,1706,1318,1,370,675,873,638,467,0,132,323,497,405,349,1,238,352,376,233,118
2019_2,1000751,845,394,451,1,160,192,220,161,111,1,46,95,95,90,67,0,114,97,125,71,44
2019_2,1000750,13107,4362,8745,0,3494,4255,3168,1751,439,0,669,1303,1065,1024,301,0,2825,2952,2103,727,138
2019_2,1000749,2201,1335,866,1,214,349,501,446,690,0,82,195,292,278,488,1,132,154,209,168,202
2019_2,1000748,2679,1519,1160,1,262,429,635,558,794,0,124,215,314,300,566,1,138,214,321,258,228
2019_2,1000747,2588,1425,1163,1,253,452,609,535,738,0,106,231,291,287,510,1,147,221,318,248,228
2019_2,1000746,4532,2761,1771,17,605,950,1186,1160,614,9,356,615,751,669,361,8,249,335,435,491,253
2019_2,1000745,2069,1080,989,5,239,516,556,412,341,2,98,264,318,195,203,3,141,252,238,217,138
2019_2,1000744,7740,4661,3079,18,1051,2531,2103,1397,640,6,528,1442,1290,959,436,12,523,1089,813,438,204
2019_2,1000743,7677,4249,3428,7,1331,2042,1982,1349,966,3,452,1061,1148,861,724,4,879,981,834,488,242
2019_2,1000742,10868,4646,6222,13,1745,2921,3556,1971,662,5,527,1181,1615,975,343,8,1218,1740,1941,996,319
2019_2,1000741,11983,5014,6969,15,1964,3143,3698,2176,987,6,590,1272,1667,1009,470,9,1374,1871,2031,1167,517
2019_2,1000740,1281,639,642,6,221,337,355,218,144,3,74,192,182,109,79,3,147,145,173,109,65
2019_2,1000739,5580,3085,2495,13,816,1303,1389,1063,996,7,276,661,804,643,694,6,540,642,585,420,302
2019_2,1000738,16869,10771,6098,23,3325,3535,2673,3821,3492,11,2578,2858,1738,1800,1786,12,747,677,935,2021,1706
2019_2,1000737,6330,4252,2078,9,1046,1453,1303,1796,723,3,563,985,882,1323,496,6,483,468,421,473,227
2019_2,1000736,6312,3608,2704,9,774,2030,1748,1208,543,3,366,1049,1017,812,361,6,408,981,731,396,182
2019_2,1000735,1454,817,637,0,145,333,397,384,195,0,68,187,238,193,131,0,77,146,159,191,64
2019_2,1000734,16541,10676,5865,23,3242,3409,2609,3796,3462,11,2562,2811,1729,1786,1777,12,680,598,880,2010,1685
2019_2,1000733,1828,927,901,0,161,378,434,471,384,0,67,218,253,201,188,0,94,160,181,270,196
2019_2,1000732,2662,1667,995,25,502,478,523,563,571,11,232,320,356,353,395,14,270,158,167,210,176
2019_2,1000731,4371,2067,2304,4,863,1167,926,826,585,0,268,634,498,371,296,4,595,533,428,455,289
2019_2,1000730,4075,1935,2140,4,680,911,943,894,643,0,197,473,504,421,340,4,483,438,439,473,303
2019_2,1000729,1640,874,766,0,195,311,418,398,318,0,93,155,226,199,201,0,102,156,192,199,117
2019_2,1000728,4816,2883,1933,14,536,1054,1210,1063,939,3,209,621,802,664,584,11,327,433,408,399,355
2019_2,1000727,7457,4351,3106,33,1132,1884,1852,1417,1139,16,482,1028,1163,879,783,17,650,856,689,538,356
2019_2,1000726,9035,5218,3817,34,1231,2210,2234,1927,1399,23,552,1102,1310,1228,1003,11,679,1108,924,699,396
2019_2,1000725,3778,1851,1927,7,816,1086,849,549,471,1,258,573,455,292,272,6,558,513,394,257,199
2019_2,1000724,5861,4249,1612,4,861,1233,1148,1831,784,2,570,928,833,1383,533,2,291,305,315,448,251
2019_2,1000723,4921,3547,1374,7,874,1171,996,1432,441,2,518,859,739,1120,309,5,356,312,257,312,132
2019_2,1000722,3426,2054,1372,17,501,705,762,717,724,9,217,455,462,441,470,8,284,250,300,276,254
2019_2,1000721,4368,2776,1592,12,511,958,1129,1108,650,8,268,613,680,688,519,4,243,345,449,420,131
2019_2,1000720,4280,2580,1700,9,561,1024,1153,1031,502,7,257,597,705,620,394,2,304,427,448,411,108
2019_2,1000719,13383,7393,5990,35,2409,3915,3772,2006,1246,15,993,2362,2095,1052,876,20,1416,1553,1677,954,370
2019_2,1000718,2210,1243,967,4,232,520,527,512,415,1,104,235,272,294,337,3,128,285,255,218,78
2019_2,1000717,2220,1289,931,0,268,434,477,533,508,0,136,259,279,276,339,0,132,175,198,257,169
2019_2,1000716,2756,1550,1206,1,266,593,600,638,658,0,112,289,304,356,489,1,154,304,296,282,169
2019_2,1000715,1789,1010,779,2,149,324,390,462,462,2,58,171,216,241,322,0,91,153,174,221,140
2019_2,1000714,2354,1284,1070,17,271,530,697,544,295,8,125,315,350,294,192,9,146,215,347,250,103
2019_2,1000713,8413,5175,3238,33,1557,2037,2011,1594,1181,17,793,1324,1205,929,907,16,764,713,806,665,274
2019_2,1000712,5355,3999,1356,17,612,1294,1286,1062,1084,11,372,982,984,773,877,6,240,312,302,289,207
2019_2,1000711,22479,11969,10510,93,5232,5595,4877,4465,2217,37,2307,3889,2579,1489,1668,56,2925,1706,2298,2976,549
2019_2,1000710,11415,6048,5367,29,2140,3350,3254,1637,1005,13,798,1935,1775,824,703,16,1342,1415,1479,813,302
2019_2,1000709,3461,1607,1854,9,723,836,888,678,327,6,201,396,419,365,220,3,522,440,469,313,107
2019_2,1000708,3063,1700,1363,7,440,545,666,748,657,3,154,288,366,441,448,4,286,257,300,307,209
2019_2,1000707,3199,1744,1455,6,485,642,705,738,623,3,183,342,384,406,426,3,302,300,321,332,197
2019_2,1000706,2270,1224,1046,0,282,567,481,549,391,0,128,331,290,274,201,0,154,236,191,275,190
2019_2,1000705,1396,776,620,0,192,382,320,279,223,0,93,206,175,167,135,0,99,176,145,112,88
2019_2,1000704,2066,1362,704,4,228,484,557,433,360,2,99,331,387,286,257,2,129,153,170,147,103
2019_2,1000703,3086,1983,1103,5,440,573,698,678,692,3,212,342,382,481,563,2,228,231,316,197,129
2019_2,1000702,17407,10208,7199,47,3705,6293,4352,1855,1155,22,1574,3805,2821,1184,802,25,2131,2488,1531,671,353
2019_2,1000701,1332,884,448,7,198,274,304,315,234,2,109,179,211,196,187,5,89,95,93,119,47
2019_2,1000700,8225,4639,3586,16,1219,1909,2010,2099,972,7,606,1186,1238,1031,571,9,613,723,772,1068,401
2019_2,1000699,2449,1706,743,6,259,518,624,556,486,4,123,361,445,395,378,2,136,157,179,161,108
2019_2,1000698,4740,2360,2380,5,1176,1364,994,742,459,5,388,731,558,391,287,0,788,633,436,351,172
2019_2,1000697,4992,2804,2188,14,937,1534,1247,785,475,7,418,926,674,465,314,7,519,608,573,320,161
2019_2,1000696,8512,4444,4068,19,848,1646,2153,2305,1541,12,529,1065,1157,855,826,7,319,581,996,1450,715
2019_2,1000695,4611,3212,1399,22,524,1109,1234,951,771,8,300,785,914,637,568,14,224,324,320,314,203
2019_2,1000694,12608,8744,3864,23,1445,3035,2976,2675,2454,11,1029,2458,2288,1583,1375,12,416,577,688,1092,1079
2019_2,1000693,4098,2329,1769,6,571,836,956,988,741,2,228,463,558,574,504,4,343,373,398,414,237
2019_2,1000692,3006,1594,1412,11,507,597,651,682,558,3,162,309,343,388,389,8,345,288,308,294,169
2019_2,1000691,10918,7319,3599,22,1229,2468,2923,2790,1486,9,587,1648,2088,1925,1062,13,642,820,835,865,424
2019_2,1000690,9714,6175,3539,27,1662,2824,2191,2012,998,7,754,1758,1536,1376,744,20,908,1066,655,636,254
2019_2,1000689,17655,10007,7648,44,3300,5443,4556,2971,1341,14,1301,3136,2698,1900,958,30,1999,2307,1858,1071,383
2019_2,1000688,16080,9043,7037,38,2703,3926,3199,3624,2590,13,1285,2220,1931,2064,1530,25,1418,1706,1268,1560,1060
2019_2,1000687,7396,4375,3021,13,1438,1706,1722,1453,1064,8,472,964,1146,989,796,5,966,742,576,464,268
2019_2,1000686,8824,5515,3309,38,1736,2619,2320,1375,736,8,719,1530,1610,1051,597,30,1017,1089,710,324,139
2019_2,1000685,8214,5256,2958,16,1508,2283,2165,1351,891,6,635,1376,1504,1011,724,10,873,907,661,340,167
2019_2,1000684,9616,5772,3844,21,1755,2800,2617,1568,855,8,686,1577,1734,1092,675,13,1069,1223,883,476,180
2019_2,1000683,1074,605,469,0,89,256,286,262,181,0,32,136,150,158,129,0,57,120,136,104,52
2019_2,1000682,3639,2395,1244,7,352,600,692,910,1078,3,187,328,393,548,936,4,165,272,299,362,142
2019_2,1000681,2535,1634,901,6,259,493,521,524,732,6,157,295,282,253,641,0,102,198,239,271,91
2019_2,1000680,4174,2360,1814,15,908,1045,735,650,821,9,405,565,353,311,717,6,503,480,382,339,104
2019_2,1000679,5201,2592,2609,12,991,1479,1104,1077,538,6,420,677,508,622,359,6,571,802,596,455,179
2019_2,1000678,2092,959,1133,5,327,393,488,525,354,5,127,197,219,211,200,0,200,196,269,314,154
2019_2,1000677,7357,4210,3147,8,549,1109,1742,1983,1966,2,264,710,980,1065,1189,6,285,399,762,918,777
2019_2,1000676,7864,4751,3113,8,543,1106,1839,2115,2253,2,277,728,1074,1198,1472,6,266,378,765,917,781
2019_2,1000675,3302,1746,1556,10,386,597,720,639,950,3,183,346,422,351,441,7,203,251,298,288,509
2019_2,1000674,2651,1573,1078,4,289,576,721,659,402,0,141,321,415,390,306,4,148,255,306,269,96
2019_2,1000673,3100,1893,1207,5,444,686,748,706,511,0,219,411,452,424,387,5,225,275,296,282,124
2019_2,1000672,1917,1165,752,2,236,390,506,483,300,2,141,226,310,274,212,0,95,164,196,209,88
2019_2,1000671,2877,1943,934,7,341,568,683,717,561,5,198,350,451,486,453,2,143,218,232,231,108
2019_2,1000670,57475,35620,21855,837,14443,16782,12962,7380,5071,407,7174,10807,9041,4589,3602,430,7269,5975,3921,2791,1469
2019_2,1000669,9202,5914,3288,26,606,1159,1420,1810,4181,23,377,760,914,1110,2730,3,229,399,506,700,1451
2019_2,1000668,24684,16820,7864,67,3091,5981,5696,4390,5459,51,1847,4150,4132,2957,3683,16,1244,1831,1564,1433,1776
2019_2,1000667,4652,3245,1407,3,271,726,851,845,1956,3,150,398,501,470,1723,0,121,328,350,375,233
2019_2,1000666,1548,986,562,2,212,380,391,345,218,2,131,268,246,189,150,0,81,112,145,156,68
2019_2,1000665,1514,948,566,2,225,380,355,307,245,2,143,270,215,159,159,0,82,110,140,148,86
2019_2,1000664,1765,1104,661,1,208,334,373,463,386,0,117,198,206,290,293,1,91,136,167,173,93
2019_2,1000663,1616,909,707,1,177,285,352,471,330,0,98,112,154,282,263,1,79,173,198,189,67
2019_2,1000662,977,610,367,7,145,202,304,229,90,5,87,141,182,127,68,2,58,61,122,102,22
2019_2,1000661,1565,961,604,10,228,342,447,378,160,8,140,237,276,184,116,2,88,105,171,194,44
2019_2,1000660,5283,3750,1533,3,363,952,972,1018,1975,3,203,569,608,628,1739,0,160,383,364,390,236
2019_2,1000659,4036,2362,1674,19,516,894,922,694,991,14,266,553,604,437,488,5,250,341,318,257,503
2019_2,1000658,1842,1050,792,12,217,390,444,443,336,12,118,223,219,250,228,0,99,167,225,193,108
2019_2,1000657,1380,874,506,12,216,300,294,303,255,11,130,188,203,157,185,1,86,112,91,146,70
2019_2,1000656,1455,693,762,0,124,234,370,398,329,0,36,113,175,189,180,0,88,121,195,209,149
2019_2,1000655,9489,5285,4204,31,1457,2477,2344,1743,1437,23,772,1427,1388,921,754,8,685,1050,956,822,683
2019_2,1000654,23142,15779,7363,68,3801,7093,6026,3994,2160,47,2150,4883,4490,2673,1536,21,1651,2210,1536,1321,624
2019_2,1000653,4432,2630,1802,3,477,924,1049,1095,884,3,247,491,520,629,740,0,230,433,529,466,144
2019_2,1000652,1990,1316,674,4,230,448,472,556,280,2,136,317,309,330,222,2,94,131,163,226,58
2019_2,1000651,5058,3191,1867,26,821,1360,1333,880,638,17,407,861,880,561,465,9,414,499,453,319,173
2019_2,1000650,3412,2181,1231,3,382,756,971,910,390,0,229,448,633,591,280,3,153,308,338,319,110
2019_2,1000649,4603,3433,1170,5,417,1502,1289,873,517,4,239,1133,1023,641,393,1,178,369,266,232,124
2019_2,1000648,10262,5194,5068,37,1066,1936,2604,2721,1898,30,570,1151,1281,1089,1073,7,496,785,1323,1632,825
2019_2,1000647,2510,1740,770,22,225,479,574,725,485,22,144,292,367,502,413,0,81,187,207,223,72
2019_2,1000646,1369,834,535,0,132,260,344,364,269,0,62,144,204,235,189,0,70,116,140,129,80
2019_2,1000645,1736,1074,662,0,194,345,440,457,300,0,92,205,261,312,204,0,102,140,179,145,96
2019_2,1000644,33210,19957,13253,76,6476,11907,8885,3868,1998,39,2936,7431,5720,2361,1470,37,3540,4476,3165,1507,528
2019_2,1000643,32787,19823,12964,87,6306,11557,8707,3939,2191,48,2822,7177,5708,2439,1629,39,3484,4380,2999,1500,562
2019_2,1000642,28510,19539,8971,92,5763,9852,7053,3664,2086,63,3028,6913,5372,2524,1639,29,2735,2939,1681,1140,447
2019_2,1000641,6586,4103,2483,27,1085,1910,1690,1020,854,18,509,1197,1104,649,626,9,576,713,586,371,228
2019_2,1000640,5643,3828,1815,27,1093,1822,1436,784,481,20,635,1302,1046,500,325,7,458,520,390,284,156
2019_2,1000639,6447,3655,2792,26,1085,1631,1407,1431,867,15,610,1086,745,651,548,11,475,545,662,780,319
2019_2,1000638,3214,1926,1288,2,299,613,856,887,557,0,141,352,487,555,391,2,158,261,369,332,166
2019_2,1000637,1798,1107,691,6,161,315,439,527,350,3,65,151,256,366,266,3,96,164,183,161,84
2019_2,1000636,8996,6446,2550,18,805,2371,2410,2008,1384,13,457,1737,1759,1434,1046,5,348,634,651,574,338
2019_2,1000635,3914,2287,1627,3,473,872,1026,916,624,0,211,504,620,541,411,3,262,368,406,375,213
2019_2,1000634,12917,8903,4014,12,1629,3211,3148,2719,2198,6,1078,2501,2343,1660,1315,6,551,710,805,1059,883
2019_2,1000633,4824,2726,2098,3,514,1325,1180,1192,610,1,228,703,651,795,348,2,286,622,529,397,262
2019_2,1000632,1777,922,855,9,207,302,420,416,423,6,89,149,185,215,278,3,118,153,235,201,145
2019_2,1000631,12781,8818,3963,51,2090,3689,3263,2050,1638,44,1157,2544,2435,1452,1186,7,933,1145,828,598,452
2019_2,1000630,5118,2589,2529,6,721,1260,1186,1245,700,1,247,555,568,793,425,5,474,705,618,452,275
2019_2,1000629,1287,615,672,0,129,214,294,350,300,0,55,90,154,157,159,0,74,124,140,193,141
2019_2,1000628,4396,2501,1895,3,487,1204,1043,1106,553,1,220,617,591,744,328,2,267,587,452,362,225
2019_2,1000627,4145,2368,1777,9,453,1188,1013,1001,481,3,189,606,544,706,320,6,264,582,469,295,161
2019_2,1000626,12442,8644,3798,52,2063,3649,3205,1988,1485,44,1135,2524,2419,1436,1086,8,928,1125,786,552,399
2019_2,1000625,11445,5899,5546,37,1258,2228,2973,2977,1972,29,687,1325,1548,1239,1071,8,571,903,1425,1738,901
2019_2,1000624,5366,3884,1482,12,356,1163,1588,1799,448,11,180,828,1172,1377,316,1,176,335,416,422,132
2019_2,1000623,1318,740,578,1,147,304,302,339,225,0,70,145,153,192,180,1,77,159,149,147,45
2019_2,1000622,1590,913,677,0,166,350,389,423,262,0,85,183,201,236,208,0,81,167,188,187,54
2019_2,1000621,2488,1503,985,5,272,493,548,635,535,4,136,290,328,348,397,1,136,203,220,287,138
2019_2,1000620,3463,2253,1210,3,384,737,795,831,713,3,192,445,461,537,615,0,192,292,334,294,98
2019_2,1000619,3243,1904,1339,14,261,654,877,848,589,11,121,371,501,467,433,3,140,283,376,381,156
2019_2,1000618,1349,773,576,2,143,338,343,302,221,1,68,200,176,157,171,1,75,138,167,145,50
2019_2,1000617,1979,1220,759,7,153,358,495,589,377,4,83,210,300,343,280,3,70,148,195,246,97
2019_2,1000616,1385,792,593,2,196,297,313,310,267,2,84,165,170,181,190,0,112,132,143,129,77
2019_2,1000615,5507,2892,2615,18,1031,1565,1209,1150,534,10,560,1029,606,423,264,8,471,536,603,727,270
2019_2,1000614,7315,3759,3556,17,617,1303,1883,2199,1296,11,325,654,879,1043,847,6,292,649,1004,1156,449
2019_2,1000613,7036,3927,3109,26,1135,1781,1583,1581,930,17,635,1157,822,724,572,9,500,624,761,857,358
2019_2,1000612,1125,674,451,1,164,243,263,234,220,1,73,147,153,139,161,0,91,96,110,95,59
2019_2,1000611,5328,2960,2368,24,1064,1428,1113,1083,616,18,593,947,546,435,421,6,471,481,567,648,195
2019_2,1000610,4544,2383,2161,21,1048,1356,926,849,344,15,583,902,420,265,198,6,465,454,506,584,146
2019_2,1000609,2920,1316,1604,11,408,543,691,822,445,10,208,287,261,281,269,1,200,256,430,541,176
2019_2,1000608,14195,8485,5710,37,2506,3701,3251,2947,1753,11,1041,2501,2287,1587,1058,26,1465,1200,964,1360,695
2019_2,1000607,13146,7810,5336,24,1570,3362,3218,3400,1572,7,747,2155,2074,1874,953,17,823,1207,1144,1526,619
2019_2,1000606,6214,3993,2221,3,668,1580,1473,1535,955,2,291,925,945,1096,734,1,377,655,528,439,221
2019_2,1000605,4118,2087,2031,6,894,890,869,800,659,3,237,445,455,472,475,3,657,445,414,328,184
2019_2,1000604,2846,1566,1280,4,327,660,670,694,491,4,181,396,373,367,245,0,146,264,297,327,246
2019_2,1000603,2004,1109,895,3,206,456,560,530,249,3,111,269,288,268,170,0,95,187,272,262,79
2019_2,1000602,2324,1253,1071,8,268,400,537,518,593,3,106,232,347,289,276,5,162,168,190,229,317
2019_2,1000601,1876,1091,785,5,204,413,500,494,260,2,99,266,297,251,176,3,105,147,203,243,84
2019_2,1000600,4376,2756,1620,3,915,1009,925,848,676,3,308,621,623,626,575,0,607,388,302,222,101
2019_2,1000599,1929,1244,685,13,203,387,525,559,242,11,123,229,328,359,194,2,80,158,197,200,48
2019_2,1000598,1565,839,726,2,156,280,433,479,215,2,63,143,205,261,165,0,93,137,228,218,50
2019_2,1000597,4343,2966,1377,7,636,991,981,1003,725,5,396,651,626,692,596,2,240,340,355,311,129
2019_2,1000596,4714,2937,1777,7,512,1000,1146,1244,805,6,251,592,669,773,646,1,261,408,477,471,159
2019_2,1000595,6378,3772,2606,11,702,1492,1472,1591,1110,10,350,930,948,801,733,1,352,562,524,790,377
2019_2,1000594,2408,1366,1042,9,510,629,483,492,285,2,183,332,293,327,229,7,327,297,190,165,56
2019_2,1000593,2263,1364,899,3,258,490,553,605,354,2,152,311,328,329,242,1,106,179,225,276,112
2019_2,1000592,3415,2235,1180,6,348,655,978,915,513,2,200,401,682,580,370,4,148,254,296,335,143
2019_2,1000591,3537,2332,1205,6,314,688,957,952,620,2,176,404,656,617,477,4,138,284,301,335,143
2019_2,1000590,1662,1051,611,0,165,390,480,416,211,0,94,248,322,251,136,0,71,142,158,165,75
2019_2,1000589,2569,1400,1169,10,299,455,590,540,675,5,112,252,381,323,327,5,187,203,209,217,348
2019_2,1000588,2969,1367,1602,2,679,820,634,543,291,0,139,365,330,319,214,2,540,455,304,224,77
2019_2,1000587,2909,1850,1059,10,343,643,748,698,467,8,145,398,460,473,366,2,198,245,288,225,101
2019_2,1000586,2262,1385,877,5,252,454,523,589,439,4,98,244,313,386,340,1,154,210,210,203,99
2019_2,1000585,3771,2103,1668,4,469,780,922,971,625,3,228,395,559,582,336,1,241,385,363,389,289
2019_2,1000584,1278,746,532,2,97,259,335,346,239,0,36,167,173,201,169,2,61,92,162,145,70
2019_2,1000583,1621,1147,474,0,147,348,411,406,309,0,80,216,278,303,270,0,67,132,133,103,39
2019_2,1000582,3174,1709,1465,17,503,812,858,677,307,12,208,460,465,386,178,5,295,352,393,291,129
2019_2,1000581,3617,1767,1850,4,760,873,769,753,458,2,227,419,412,406,301,2,533,454,357,347,157
2019_2,1000580,2283,1489,794,9,234,435,529,603,473,3,109,252,321,412,392,6,125,183,208,191,81
2019_2,1000579,5840,4057,1783,16,601,1150,1191,1211,1671,14,267,695,740,857,1484,2,334,455,451,354,187
2019_2,1000578,6526,4062,2464,17,809,1521,1748,1611,820,13,347,885,1116,1071,630,4,462,636,632,540,190
2019_2,1000577,6250,4328,1922,20,771,1275,1211,1277,1696,16,346,792,772,892,1510,4,425,483,439,385,186
2019_2,1000576,10063,6402,3661,32,2097,2898,2409,1635,992,16,782,1852,1778,1195,779,16,1315,1046,631,440,213
2019_2,1000575,2726,1437,1289,6,335,529,583,595,678,5,122,286,339,294,391,1,213,243,244,301,287
2019_2,1000574,3562,1756,1806,16,852,747,644,632,671,8,285,376,387,314,386,8,567,371,257,318,285
2019_2,1000573,4139,1802,2337,2,845,1072,932,858,430,1,194,443,461,424,279,1,651,629,471,434,151
2019_2,1000572,1048,591,457,3,88,204,290,274,189,1,41,116,150,154,129,2,47,88,140,120,60
2019_2,1000571,2054,1053,1001,4,214,586,615,435,200,2,104,297,286,239,125,2,110,289,329,196,75
2019_2,1000570,2368,1344,1024,3,280,667,690,476,252,3,139,352,357,304,189,0,141,315,333,172,63
2019_2,1000569,1599,840,759,2,182,324,446,428,217,2,83,159,217,218,161,0,99,165,229,210,56
2019_2,1000568,31997,16838,15159,2,5164,10932,8954,5984,961,2,1095,4448,5218,5271,804,0,4069,6484,3736,713,157
2019_2,1000567,32664,17061,15603,4,5260,11027,9034,6088,1251,4,1124,4496,5252,5317,868,0,4136,6531,3782,771,383
2019_2,1000566,2680,1549,1131,6,341,624,710,674,325,6,185,378,403,344,233,0,156,246,307,330,92
2019_2,1000565,2427,1471,956,3,287,548,625,586,378,2,178,358,355,298,280,1,109,190,270,288,98
2019_2,1000564,2296,1512,784,11,241,462,626,654,302,9,150,284,404,428,237,2,91,178,222,226,65
2019_2,1000563,2161,1284,877,9,251,437,596,592,276,9,134,256,367,324,194,0,117,181,229,268,82
2019_2,1000562,1832,854,978,3,165,313,511,631,209,1,54,137,192,315,155,2,111,176,319,316,54
2019_2,1000561,1897,832,1065,3,182,351,557,602,202,1,53,151,203,277,147,2,129,200,354,325,55
2019_2,1000560,5855,3622,2233,10,620,1269,1459,1481,1016,6,348,843,861,842,722,4,272,426,598,639,294
2019_2,1000559,5297,3226,2071,12,589,1151,1318,1381,846,6,321,764,766,765,604,6,268,387,552,616,242
2019_2,1000558,2484,1296,1188,3,300,560,602,583,436,2,122,315,305,289,263,1,178,245,297,294,173
2019_2,1000557,3094,1432,1662,8,430,684,724,678,570,5,156,341,351,326,253,3,274,343,373,352,317
2019_2,1000556,3425,2172,1253,3,356,895,929,855,387,2,197,524,535,603,311,1,159,371,394,252,76
2019_2,1000555,2316,1411,905,3,184,443,618,698,370,2,96,266,364,455,228,1,88,177,254,243,142
2019_2,1000554,3429,2229,1200,13,289,592,902,1121,512,13,177,348,542,741,408,0,112,244,360,380,104
2019_2,1000553,3330,2035,1295,6,315,682,804,907,616,5,160,419,491,613,347,1,155,263,313,294,269
2019_2,1000552,3422,2235,1187,6,263,604,884,1106,559,5,147,367,569,761,386,1,116,237,315,345,173
2019_2,1000551,1747,954,793,5,155,356,418,480,333,5,71,170,207,267,234,0,84,186,211,213,99
2019_2,1000550,1251,643,608,9,141,289,336,336,140,6,68,140,172,167,90,3,73,149,164,169,50
2019_2,1000549,2787,1610,1177,2,244,350,463,729,999,2,141,217,288,432,530,0,103,133,175,297,469
2019_2,1000548,2694,1503,1191,10,302,574,707,731,370,10,159,351,370,356,257,0,143,223,337,375,113
2019_2,1000547,3131,1839,1292,13,309,549,843,766,651,10,165,314,419,419,512,3,144,235,424,347,139
2019_2,1000546,3953,2972,981,2,362,808,907,518,1356,1,160,476,671,370,1294,1,202,332,236,148,62
2019_2,1000545,3681,2722,959,5,259,428,650,670,1669,1,118,225,344,461,1573,4,141,203,306,209,96
2019_2,1000544,877,421,456,2,86,151,200,245,193,1,34,67,89,120,110,1,52,84,111,125,83
2019_2,1000543,9685,5589,4096,21,1665,2757,2572,1813,857,16,594,1651,1589,1147,592,5,1071,1106,983,666,265
2019_2,1000542,7070,4391,2679,21,883,1844,2109,1453,760,16,472,1184,1442,802,475,5,411,660,667,651,285
2019_2,1000541,2877,1298,1579,6,717,584,544,579,447,4,208,255,282,278,271,2,509,329,262,301,176
2019_2,1000540,1363,647,716,1,130,256,279,400,297,1,61,117,120,178,170,0,69,139,159,222,127
2019_2,1000539,2214,1397,817,4,201,366,509,638,496,2,101,211,263,414,406,2,100,155,246,224,90
2019_2,1000538,2529,1819,710,3,165,291,495,811,764,1,91,174,283,586,684,2,74,117,212,225,80
2019_2,1000537,3177,1400,1777,7,716,579,629,663,583,6,205,263,306,293,327,1,511,316,323,370,256
2019_2,1000536,3796,2006,1790,14,855,812,806,766,543,13,326,467,448,393,359,1,529,345,358,373,184
2019_2,1000535,1716,1052,664,2,156,285,387,416,470,1,67,134,212,244,394,1,89,151,175,172,76
2019_2,1000534,2597,1802,795,2,165,311,510,798,811,1,84,178,287,552,700,1,81,133,223,246,111
2019_2,1000533,7112,4088,3024,27,1033,1846,1789,1656,761,17,472,1115,1072,884,528,10,561,731,717,772,233
2019_2,1000532,11375,7572,3803,65,1539,3205,2766,2398,1402,50,894,2333,1859,1448,988,15,645,872,907,950,414
2019_2,1000531,6261,3663,2598,26,898,1684,1589,1440,624,17,414,1054,970,768,440,9,484,630,619,672,184
2019_2,1000530,3906,1874,2032,3,781,1082,973,789,278,2,156,483,558,468,207,1,625,599,415,321,71
2019_2,1000529,4466,2400,2066,4,841,1185,1052,948,436,1,226,601,634,595,343,3,615,584,418,353,93
2019_2,1000528,5428,3101,2327,8,732,1200,1307,1341,840,5,329,650,793,831,493,3,403,550,514,510,347
2019_2,1000527,4793,2804,1989,3,766,1181,1304,1094,445,2,393,596,830,686,297,1,373,585,474,408,148
2019_2,1000526,1678,853,825,4,184,372,439,413,266,2,80,202,204,201,164,2,104,170,235,212,102
2019_2,1000525,2755,1310,1445,5,323,583,803,647,394,2,147,280,326,286,269,3,176,303,477,361,125
2019_2,1000524,1457,850,607,5,186,436,388,270,172,3,78,227,237,200,105,2,108,209,151,70,67
2019_2,1000523,1828,981,847,1,198,447,465,456,261,0,86,261,229,227,178,1,112,186,236,229,83
2019_2,1000522,3654,2078,1576,9,481,901,946,785,532,8,221,523,551,451,324,1,260,378,395,334,208
2019_2,1000521,3566,1791,1775,7,489,866,893,781,530,6,159,427,463,414,322,1,330,439,430,367,208
2019_2,1000520,8127,5212,2915,17,997,2176,1984,1827,1126,7,524,1473,1317,1101,790,10,473,703,667,726,336
2019_2,1000519,14160,7959,6201,65,2547,4043,3619,2475,1411,52,1080,2398,2087,1366,976,13,1467,1645,1532,1109,435
2019_2,1000518,2102,1256,846,5,252,496,523,471,355,3,129,307,288,272,257,2,123,189,235,199,98
2019_2,1000517,2340,1566,774,2,264,450,574,618,432,0,200,319,370,374,303,2,64,131,204,244,129
2019_2,1000516,1921,1158,763,1,147,289,431,577,476,0,70,164,232,346,346,1,77,125,199,231,130
2019_2,1000515,3321,2494,827,3,323,444,649,1016,886,2,183,292,447,773,797,1,140,152,202,243,89
2019_2,1000514,1566,819,747,5,183,326,436,440,176,3,107,192,202,198,117,2,76,134,234,242,59
2019_2,1000513,1611,1008,603,5,138,276,347,428,417,5,69,148,184,274,328,0,69,128,163,154,89
2019_2,1000512,2498,1410,1088,4,233,528,581,677,475,4,131,304,325,375,271,0,102,224,256,302,204
2019_2,1000511,2454,1339,1115,8,228,441,575,664,538,7,137,249,268,356,322,1,91,192,307,308,216
2019_2,1000510,2368,1325,1043,4,226,438,649,748,303,3,134,244,322,409,213,1,92,194,327,339,90
2019_2,1000509,2157,1431,726,8,244,371,513,688,333,4,148,247,328,451,253,4,96,124,185,237,80
2019_2,1000508,2234,1425,809,10,252,408,522,690,352,8,144,257,310,448,258,2,108,151,212,242,94
2019_2,1000507,992,630,362,5,83,156,209,291,248,5,36,72,112,195,210,0,47,84,97,96,38
2019_2,1000506,3752,1950,1802,8,727,864,990,832,331,5,315,452,491,481,206,3,412,412,499,351,125
2019_2,1000505,19071,12015,7056,19,2290,4186,4301,4757,3518,10,1237,2648,3081,2867,2172,9,1053,1538,1220,1890,1346
2019_2,1000504,12870,6599,6271,65,2363,3411,2761,1974,2296,43,986,1775,1632,1036,1127,22,1377,1636,1129,938,1169
2019_2,1000503,5092,2673,2419,11,862,1330,1200,914,775,7,334,655,689,508,480,4,528,675,511,406,295
2019_2,1000502,3068,1463,1605,9,417,581,730,851,480,5,159,305,375,358,261,4,258,276,355,493,219
2019_2,1000501,2275,1280,995,3,252,485,669,516,350,2,121,274,367,286,230,1,131,211,302,230,120
2019_2,1000500,7958,5447,2511,31,794,1459,1830,2218,1626,28,382,936,1245,1575,1281,3,412,523,585,643,345
2019_2,1000499,9404,6188,3216,37,995,1804,2206,2573,1789,31,425,1105,1488,1782,1357,6,570,699,718,791,432
2019_2,1000498,3757,2051,1706,1,610,927,956,678,585,1,237,492,522,397,402,0,373,435,434,281,183
2019_2,1000497,8335,3925,4410,18,1242,2055,1757,1299,1964,9,402,981,992,690,851,9,840,1074,765,609,1113
2019_2,1000496,4840,3024,1816,45,1374,1555,944,643,279,24,680,1083,636,395,206,21,694,472,308,248,73
2019_2,1000495,2707,1512,1195,9,577,796,653,433,239,7,215,438,387,291,174,2,362,358,266,142,65
2019_2,1000494,4905,3307,1598,11,833,1184,1227,948,702,6,442,781,850,679,549,5,391,403,377,269,153
2019_2,1000493,4337,2477,1860,6,781,1201,1062,804,483,5,301,639,672,537,323,1,480,562,390,267,160
2019_2,1000492,4874,2694,2180,6,864,1372,1099,833,700,4,347,673,665,508,497,2,517,699,434,325,203
2019_2,1000491,12280,6156,6124,63,2264,3271,2622,1830,2230,41,957,1652,1528,909,1069,22,1307,1619,1094,921,1161
2019_2,1000490,1451,756,695,5,367,459,289,197,134,1,146,245,148,119,97,4,221,214,141,78,37
2019_2,1000489,810,316,494,2,119,191,207,181,110,2,36,61,63,78,76,0,83,130,144,103,34
2019_2,1000488,2882,1317,1565,6,591,767,675,504,339,3,173,343,340,262,196,3,418,424,335,242,143
2019_2,1000487,22147,12344,9803,98,3401,4627,4099,7861,2061,37,1071,2048,1886,5711,1591,61,2330,2579,2213,2150,470
2019_2,1000486,3737,2438,1299,18,391,531,732,1107,958,5,146,311,497,781,698,13,245,220,235,326,260
2019_2,1000485,4035,2368,1667,14,651,1187,1061,728,394,11,248,624,689,508,288,3,403,563,372,220,106
2019_2,1000484,4782,2818,1964,20,706,1082,1149,1134,691,9,302,648,680,711,468,11,404,434,469,423,223
2019_2,1000483,2456,1437,1019,9,410,696,594,470,277,5,165,401,361,294,211,4,245,295,233,176,66
2019_2,1000482,8621,5871,2750,46,940,1540,1935,2410,1750,33,416,1012,1356,1702,1352,13,524,528,579,708,398
2019_2,1000481,4101,2672,1429,9,532,1046,1024,890,600,8,244,656,679,621,464,1,288,390,345,269,136
2019_2,1000480,30848,17676,13172,94,4325,6612,6252,10332,3233,38,1586,3360,3392,7068,2232,56,2739,3252,2860,3264,1001
2019_2,1000479,3140,1769,1371,12,523,649,785,714,457,2,205,378,466,422,296,10,318,271,319,292,161
2019_2,1000478,1979,1273,706,2,175,322,468,574,438,1,72,176,309,403,312,1,103,146,159,171,126
2019_2,1000477,8179,5297,2882,7,2244,2916,1776,933,303,2,1019,2011,1379,663,223,5,1225,905,397,270,80
2019_2,1000476,3832,2116,1716,10,910,1093,906,571,342,5,512,596,459,304,240,5,398,497,447,267,102
2019_2,1000475,8279,5674,2605,44,881,1481,1864,2333,1676,31,394,969,1303,1657,1320,13,487,512,561,676,356
2019_2,1000474,11245,7060,4185,32,1663,3388,3371,2193,598,8,763,2040,2229,1615,405,24,900,1348,1142,578,193
2019_2,1000473,14354,9121,5233,24,1872,3349,3318,3135,2656,15,953,2011,2339,2051,1752,9,919,1338,979,1084,904
2019_2,1000472,7006,3802,3204,9,1194,2193,2070,1114,426,5,561,1229,1125,620,262,4,633,964,945,494,164
2019_2,1000471,18846,11355,7491,66,3489,5803,5365,3334,789,24,1343,3234,3573,2603,578,42,2146,2569,1792,731,211
2019_2,1000470,4323,2241,2082,19,717,1084,1058,889,556,8,243,558,580,469,383,11,474,526,478,420,173
2019_2,1000469,8492,4365,4127,25,1358,2345,2112,1572,1080,15,463,1271,1243,806,567,10,895,1074,869,766,513
2019_2,1000468,8773,4722,4051,31,1555,2536,2114,1448,1089,19,556,1378,1338,833,598,12,999,1158,776,615,491
2019_2,1000467,8710,4604,4106,22,1474,2465,2104,1549,1096,14,509,1282,1324,870,605,8,965,1183,780,679,491
2019_2,1000466,11590,5988,5602,31,1784,2873,2491,1747,2664,17,582,1443,1477,1025,1444,14,1202,1430,1014,722,1220
2019_2,1000465,5671,3372,2299,32,1480,1789,1209,794,367,14,678,1150,769,497,264,18,802,639,440,297,103
2019_2,1000464,5615,3148,2467,13,731,1548,1484,1264,575,11,316,755,833,807,426,2,415,793,651,457,149
2019_2,1000463,2697,1604,1093,6,347,623,693,632,396,4,126,308,422,430,314,2,221,315,271,202,82
2019_2,1000462,24419,15675,8744,25,3475,5739,5420,6208,3552,13,2092,3910,3881,3594,2185,12,1383,1829,1539,2614,1367
2019_2,1000461,18635,12105,6530,23,2761,4247,4105,4804,2695,14,1659,2918,2840,2958,1716,9,1102,1329,1265,1846,979
2019_2,1000460,1052,424,628,3,136,237,271,251,154,2,33,81,89,126,93,1,103,156,182,125,61
2019_2,1000459,3489,1676,1813,31,676,871,741,703,467,16,220,378,336,402,324,15,456,493,405,301,143
2019_2,1000458,4955,2743,2212,23,763,1296,1237,1100,536,11,293,599,719,727,394,12,470,697,518,373,142
2019_2,1000457,1402,870,532,1,195,368,367,309,162,0,82,214,238,220,116,1,113,154,129,89,46
2019_2,1000456,1345,854,491,5,117,217,306,439,261,4,51,131,172,293,203,1,66,86,134,146,58
2019_2,1000455,1847,875,972,1,203,289,466,677,211,0,66,146,226,314,123,1,137,143,240,363,88
2019_2,1000454,1937,969,968,2,219,324,517,622,253,1,69,166,255,329,149,1,150,158,262,293,104
2019_2,1000453,1905,1117,788,6,202,489,468,479,261,3,71,285,276,291,191,3,131,204,192,188,70
2019_2,1000452,22356,13551,8805,42,3684,7299,6044,3916,1371,16,1665,4216,3938,2697,1019,26,2019,3083,2106,1219,352
2019_2,1000451,12451,7547,4904,22,2064,3709,3338,2325,993,9,1047,2246,2101,1457,687,13,1017,1463,1237,868,306
2019_2,1000450,1829,1117,712,5,166,349,475,548,286,4,76,210,274,344,209,1,90,139,201,204,77
2019_2,1000449,5873,2859,3014,37,2061,1356,958,923,538,16,770,693,506,529,345,21,1291,663,452,394,193
2019_2,1000448,4286,2026,2260,31,1868,992,625,524,246,13,709,517,298,299,190,18,1159,475,327,225,56
2019_2,1000447,1956,1073,883,1,199,469,564,528,195,1,97,277,276,285,137,0,102,192,288,243,58
2019_2,1000446,3214,1736,1478,4,397,872,801,703,437,2,150,498,469,363,254,2,247,374,332,340,183
2019_2,1000445,7240,5475,1765,3,790,1553,1510,2448,936,2,499,1028,1029,2109,808,1,291,525,481,339,128
2019_2,1000444,3718,2170,1548,6,683,1102,922,633,372,1,307,672,567,402,221,5,376,430,355,231,151
2019_2,1000443,3693,2936,757,0,113,303,357,625,2295,0,49,189,184,415,2099,0,64,114,173,210,196
2019_2,1000442,2079,981,1098,2,228,320,538,739,252,1,72,163,235,360,150,1,156,157,303,379,102
2019_2,1000441,2073,1021,1052,2,214,337,549,680,291,1,75,177,260,346,162,1,139,160,289,334,129
2019_2,1000440,1807,817,990,1,166,293,443,519,385,1,73,155,189,205,194,0,93,138,254,314,191
2019_2,1000439,4260,2491,1769,7,708,1227,1074,791,453,2,319,748,655,490,277,5,389,479,419,301,176
2019_2,1000438,7538,4040,3498,36,2079,1313,1103,1354,1653,16,859,772,640,740,1013,20,1220,541,463,614,640
2019_2,1000437,2332,1380,952,1,197,435,626,677,396,0,105,255,322,401,297,1,92,180,304,276,99
2019_2,1000436,4893,2970,1923,7,539,1043,1190,1222,892,3,235,635,753,737,607,4,304,408,437,485,285
2019_2,1000435,838,438,400,0,81,152,257,257,91,0,30,83,134,133,58,0,51,69,123,124,33
2019_2,1000434,2025,859,1166,5,290,441,510,476,303,4,88,197,199,193,178,1,202,244,311,283,125
2019_2,1000433,1913,875,1038,6,290,420,477,422,298,3,91,193,204,202,182,3,199,227,273,220,116
2019_2,1000432,3522,1708,1814,2,315,570,662,716,1257,1,127,300,318,294,668,1,188,270,344,422,589
2019_2,1000431,1497,762,735,5,161,288,425,367,251,4,79,148,220,167,144,1,82,140,205,200,107
2019_2,1000430,3044,1508,1536,3,329,539,788,830,555,1,144,275,402,377,309,2,185,264,386,453,246
2019_2,1000429,3073,1429,1644,5,371,813,822,660,402,3,136,344,410,301,235,2,235,469,412,359,167
2019_2,1000428,4701,3376,1325,3,383,562,625,862,2266,2,199,318,341,502,2014,1,184,244,284,360,252
2019_2,1000427,2208,1527,681,1,277,580,609,486,255,1,135,411,442,337,201,0,142,169,167,149,54
2019_2,1000426,2151,1437,714,0,251,538,602,501,259,0,120,384,423,326,184,0,131,154,179,175,75
2019_2,1000425,2744,1530,1214,2,282,618,778,631,433,1,116,331,430,343,309,1,166,287,348,288,124
2019_2,1000424,1725,1070,655,2,207,327,362,406,421,1,130,195,188,240,316,1,77,132,174,166,105
2019_2,1000423,2125,1539,586,4,271,441,515,534,360,2,149,313,367,392,316,2,122,128,148,142,44
2019_2,1000422,2236,1592,644,2,207,496,548,537,446,2,108,341,405,392,344,0,99,155,143,145,102
2019_2,1000421,2199,1270,929,4,206,361,475,563,590,2,101,192,261,286,428,2,105,169,214,277,162
2019_2,1000420,1780,983,797,3,207,275,359,499,437,2,112,158,191,246,274,1,95,117,168,253,163
2019_2,1000419,1190,497,693,1,155,225,268,295,246,0,71,95,96,118,117,1,84,130,172,177,129
2019_2,1000418,1780,827,953,2,189,299,386,435,469,1,87,124,135,198,282,1,102,175,251,237,187
2019_2,1000417,1541,605,936,0,155,288,432,414,252,0,58,101,137,156,153,0,97,187,295,258,99
2019_2,1000416,2570,1608,962,4,253,427,609,611,666,2,122,241,356,361,526,2,131,186,253,250,140
2019_2,1000415,2831,1418,1413,5,254,547,809,727,489,2,86,261,402,349,318,3,168,286,407,378,171
2019_2,1000414,3395,1793,1602,5,425,874,855,858,378,3,155,415,430,537,253,2,270,459,425,321,125
2019_2,1000413,5112,2783,2329,14,461,1020,1225,1377,1015,7,202,467,618,767,722,7,259,553,607,610,293
2019_2,1000412,2797,1608,1189,8,256,454,648,724,707,5,126,247,355,362,513,3,130,207,293,362,194
2019_2,1000411,2879,1436,1443,2,465,571,705,683,453,1,190,280,346,323,296,1,275,291,359,360,157
2019_2,1000410,2137,1059,1078,0,133,248,307,373,1076,0,54,131,120,166,588,0,79,117,187,207,488
2019_2,1000409,2384,1158,1226,7,258,484,661,607,367,5,114,261,318,248,212,2,144,223,343,359,155
2019_2,1000408,2572,1211,1361,2,167,324,425,492,1162,2,66,169,165,192,617,0,101,155,260,300,545
2019_2,1000407,2746,1316,1430,1,187,374,407,538,1239,1,63,198,180,213,661,0,124,176,227,325,578
2019_2,1000406,2127,845,1282,14,332,486,534,484,277,8,85,198,193,198,163,6,247,288,341,286,114
2019_2,1000405,2456,1054,1402,14,433,500,645,519,345,10,133,216,242,236,217,4,300,284,403,283,128
2019_2,1000404,2345,1036,1309,17,398,522,602,507,299,10,124,226,234,236,206,7,274,296,368,271,93
2019_2,1000403,4422,2282,2140,13,407,666,1059,1427,850,9,163,309,447,808,546,4,244,357,612,619,304
2019_2,1000402,4721,2438,2283,12,453,794,1108,1488,866,3,202,374,488,833,538,9,251,420,620,655,328
2019_2,1000401,3829,1564,2265,11,618,838,968,907,487,4,199,347,404,342,268,7,419,491,564,565,219
2019_2,1000400,4641,2422,2219,13,591,813,1008,1422,794,3,214,388,492,833,492,10,377,425,516,589,302
2019_2,1000399,2557,1359,1198,8,491,565,571,527,395,2,232,300,289,280,256,6,259,265,282,247,139
2019_2,1000398,2449,1165,1284,2,299,557,736,544,311,2,110,262,328,242,221,0,189,295,408,302,90
2019_2,1000397,709,448,261,0,50,117,178,247,117,0,24,71,126,134,93,0,26,46,52,113,24
2019_2,1000396,2131,1174,957,7,244,459,569,502,350,5,107,235,311,269,247,2,137,224,258,233,103
2019_2,1000395,3298,2031,1267,3,265,555,725,1112,638,0,119,288,398,804,422,3,146,267,327,308,216
2019_2,1000394,1888,1026,862,4,210,359,436,494,385,2,108,203,226,260,227,2,102,156,210,234,158
2019_2,1000393,2412,1048,1364,7,426,590,586,516,287,4,140,283,278,192,151,3,286,307,308,324,136
2019_2,1000392,1406,776,630,2,170,290,334,372,238,0,90,156,178,195,157,2,80,134,156,177,81
2019_2,1000391,1575,733,842,4,180,368,377,428,218,0,68,166,165,187,147,4,112,202,212,241,71
2019_2,1000390,1978,1035,943,5,295,475,479,378,346,3,95,245,269,187,236,2,200,230,210,191,110
2019_2,1000389,2162,1118,1044,0,170,369,555,622,446,0,66,154,223,330,345,0,104,215,332,292,101
2019_2,1000388,1688,908,780,6,133,186,298,416,649,3,55,105,139,189,417,3,78,81,159,227,232
2019_2,1000387,1494,778,716,9,160,232,368,418,307,4,53,114,180,227,200,5,107,118,188,191,107
2019_2,1000386,2019,1110,909,3,241,393,493,513,376,0,92,198,260,288,272,3,149,195,233,225,104
2019_2,1000385,1861,921,940,3,217,323,478,504,336,2,70,136,219,251,243,1,147,187,259,253,93
2019_2,1000384,1901,852,1049,4,231,333,520,508,305,3,84,183,216,215,151,1,147,150,304,293,154
2019_2,1000383,1542,721,821,2,164,295,392,431,258,0,70,158,183,177,133,2,94,137,209,254,125
2019_2,1000382,2673,1308,1365,4,346,540,710,684,389,3,133,291,324,313,244,1,213,249,386,371,145
2019_2,1000381,2117,1222,895,3,225,382,459,511,537,3,103,225,263,279,349,0,122,157,196,232,188
2019_2,1000380,3680,2246,1434,10,290,492,637,888,1363,8,131,237,341,622,907,2,159,255,296,266,456
2019_2,1000379,5204,2897,2307,12,470,629,979,1453,1661,8,210,364,509,772,1034,4,260,265,470,681,627
2019_2,1000378,3608,2361,1247,3,367,720,866,1041,611,2,178,404,559,776,442,1,189,316,307,265,169
2019_2,1000377,5451,3248,2203,3,547,1057,1276,1244,1324,0,226,654,833,654,881,3,321,403,443,590,443
2019_2,1000376,1386,783,603,3,135,243,372,415,218,0,59,131,215,249,129,3,76,112,157,166,89
2019_2,1000375,1658,835,823,3,254,324,392,416,269,3,52,139,178,230,233,0,202,185,214,186,36
2019_2,1000374,1868,1322,546,2,133,265,358,547,563,2,58,160,209,405,488,0,75,105,149,142,75
2019_2,1000373,978,345,633,0,185,170,242,229,152,0,22,52,95,88,88,0,163,118,147,141,64
2019_2,1000372,1110,526,584,0,94,175,281,309,251,0,43,85,127,136,135,0,51,90,154,173,116
2019_2,1000371,2262,1120,1142,4,299,482,543,529,405,1,84,242,270,254,269,3,215,240,273,275,136
2019_2,1000370,2172,1471,701,8,418,496,507,460,283,8,291,316,357,265,234,0,127,180,150,195,49
2019_2,1000369,1371,684,687,3,133,350,374,300,211,1,40,174,190,144,135,2,93,176,184,156,76
2019_2,1000368,1628,694,934,0,46,101,147,258,1076,0,18,59,76,88,453,0,28,42,71,170,623
2019_2,1000367,1364,552,812,0,20,61,88,191,1004,0,7,36,51,59,399,0,13,25,37,132,605
2019_2,1000366,1891,842,1049,0,62,114,206,346,1163,0,17,63,92,140,530,0,45,51,114,206,633
2019_2,1000365,1282,907,375,1,57,142,219,415,448,1,26,80,128,304,368,0,31,62,91,111,80
2019_2,1000364,1558,1071,487,2,86,188,316,429,537,2,31,106,183,314,435,0,55,82,133,115,102
2019_2,1000363,1505,934,571,1,88,199,309,427,481,1,29,96,166,286,356,0,59,103,143,141,125
2019_2,1000362,2182,1345,837,3,232,426,483,644,394,0,119,262,306,420,238,3,113,164,177,224,156
2019_2,1000361,1841,1035,806,2,201,370,448,493,327,1,86,223,259,264,202,1,115,147,189,229,125
2019_2,1000360,1761,975,786,4,179,273,404,540,361,4,63,126,209,322,251,0,116,147,195,218,110
2019_2,1000359,3014,1582,1432,8,498,667,732,710,399,7,123,318,399,437,298,1,375,349,333,273,101
2019_2,1000358,2453,1779,674,3,235,419,495,661,640,3,130,298,326,484,538,0,105,121,169,177,102
2019_2,1000357,782,421,361,1,98,162,205,197,119,1,41,95,97,109,78,0,57,67,108,88,41
2019_2,1000356,1012,480,532,0,79,209,276,215,233,0,28,100,132,100,120,0,51,109,144,115,113
2019_2,1000355,766,411,355,0,69,157,199,183,158,0,30,86,95,98,102,0,39,71,104,85,56
2019_2,1000354,1096,618,478,2,106,223,287,292,186,0,38,125,170,155,130,2,68,98,117,137,56
2019_2,1000353,5116,3100,2016,7,487,1067,1260,1120,1175,3,204,672,830,602,789,4,283,395,430,518,386
2019_2,1000352,1863,1088,775,10,170,321,455,555,352,9,57,164,253,352,253,1,113,157,202,203,99
2019_2,1000351,3505,1838,1667,1,364,880,883,896,481,1,125,407,468,544,293,0,239,473,415,352,188
2019_2,1000350,3248,1550,1698,3,334,710,724,800,677,1,105,283,339,493,329,2,229,427,385,307,348
2019_2,1000349,4071,2362,1709,4,399,1079,955,1056,578,2,152,578,555,724,351,2,247,501,400,332,227
2019_2,1000348,1195,629,566,1,123,208,281,314,268,1,39,97,151,167,174,0,84,111,130,147,94
2019_2,1000347,1736,1053,683,0,170,412,417,491,246,0,75,274,222,320,162,0,95,138,195,171,84
2019_2,1000346,1729,864,865,14,213,322,433,435,312,10,67,147,219,235,186,4,146,175,214,200,126
2019_2,1000345,2295,1214,1081,3,275,539,517,527,434,3,125,291,273,278,244,0,150,248,244,249,190
2019_2,1000344,3703,2182,1521,0,241,501,710,910,1341,0,79,236,410,560,897,0,162,265,300,350,444
2019_2,1000343,2117,1267,850,0,176,399,559,641,342,0,50,182,345,419,271,0,126,217,214,222,71
2019_2,1000342,3440,1912,1528,5,403,701,711,844,776,1,152,401,382,520,456,4,251,300,329,324,320
2019_2,1000341,1556,878,678,1,143,351,435,397,229,1,55,191,261,228,142,0,88,160,174,169,87
2019_2,1000340,1172,535,637,1,101,196,331,299,244,1,33,93,140,130,138,0,68,103,191,169,106
2019_2,1000339,3033,1495,1538,6,335,494,643,768,787,3,104,211,279,386,512,3,231,283,364,382,275
2019_2,1000338,1789,813,976,5,130,311,365,423,555,5,27,120,161,203,297,0,103,191,204,220,258
2019_2,1000337,2202,1182,1020,4,217,483,568,559,371,4,70,216,304,318,270,0,147,267,264,241,101
2019_2,1000336,1533,906,627,2,154,322,424,389,242,2,63,159,248,257,177,0,91,163,176,132,65
2019_2,1000335,1672,942,730,1,182,349,449,422,269,1,68,181,254,250,188,0,114,168,195,172,81
2019_2,1000334,2200,1067,1133,0,208,411,515,581,485,0,55,171,250,268,323,0,153,240,265,313,162
2019_2,1000333,1393,588,805,1,152,270,376,407,187,1,46,105,163,166,107,0,106,165,213,241,80
2019_2,1000332,1275,597,678,1,101,167,226,323,457,1,27,73,108,173,215,0,74,94,118,150,242
2019_2,1000331,1150,613,537,2,140,219,276,268,245,1,52,100,132,157,171,1,88,119,144,111,74
2019_2,1000330,1290,701,589,1,167,334,412,257,119,0,79,187,230,123,82,1,88,147,182,134,37
2019_2,1000329,1200,743,457,2,96,212,301,312,277,1,39,110,169,201,223,1,57,102,132,111,54
2019_2,1000328,1218,717,501,1,118,252,309,309,229,1,42,122,158,197,197,0,76,130,151,112,32
2019_2,1000327,4469,2212,2257,3,419,858,942,1152,1095,2,144,350,434,681,601,1,275,508,508,471,494
2019_2,1000326,1780,819,961,0,377,411,420,397,175,0,97,183,196,222,121,0,280,228,224,175,54
2019_2,1000325,1074,508,566,1,175,249,274,223,152,1,65,121,123,96,102,0,110,128,151,127,50
2019_2,1000324,4033,2370,1663,6,423,866,896,1027,815,3,182,509,525,645,506,3,241,357,371,382,309
2019_2,1000323,1632,906,726,3,170,330,427,403,299,2,67,165,231,236,205,1,103,165,196,167,94
2019_2,1000322,1947,983,964,0,165,407,456,476,443,0,57,194,253,268,211,0,108,213,203,208,232
2019_2,1000321,1544,737,807,4,137,269,409,392,333,4,34,110,164,178,247,0,103,159,245,214,86
2019_2,1000320,989,622,367,1,89,188,234,290,187,1,41,109,133,194,144,0,48,79,101,96,43
2019_2,1000319,4717,2479,2238,4,466,1096,1103,1290,758,2,166,540,540,798,433,2,300,556,563,492,325
2019_2,1000318,1148,456,692,0,106,132,342,397,171,0,40,60,108,167,81,0,66,72,234,230,90
2019_2,1000317,1321,631,690,1,213,241,327,320,219,0,43,103,149,177,159,1,170,138,178,143,60
2019_2,1000316,1610,1110,500,1,137,194,380,592,306,0,54,103,256,462,235,1,83,91,124,130,71
2019_2,1000315,3300,1576,1724,1,305,696,767,836,695,1,95,275,358,514,333,0,210,421,409,322,362
2019_2,1000314,2603,1739,864,0,165,254,437,526,1221,0,49,123,250,333,984,0,116,131,187,193,237
2019_2,1000313,1558,926,632,4,182,413,429,337,193,1,69,255,246,213,142,3,113,158,183,124,51
2019_2,1000312,4209,2706,1503,15,506,787,872,933,1096,10,238,479,510,627,842,5,268,308,362,306,254
2019_2,1000311,2256,1314,942,4,345,540,630,438,299,3,164,313,361,249,224,1,181,227,269,189,75
2019_2,1000310,3175,1904,1271,2,512,983,729,603,346,1,248,636,406,360,253,1,264,347,323,243,93
2019_2,1000309,3161,2021,1140,2,430,857,705,618,549,1,209,571,415,374,451,1,221,286,290,244,98
2019_2,1000308,1346,868,478,2,152,254,349,360,229,0,69,135,216,269,179,2,83,119,133,91,50
2019_2,1000307,830,373,457,10,114,170,240,176,120,7,40,79,102,70,75,3,74,91,138,106,45
2019_2,1000306,4349,2296,2053,28,774,1106,965,899,577,17,345,603,543,470,318,11,429,503,422,429,259
2019_2,1000305,7066,5312,1754,4,641,1946,1439,1527,1509,3,336,1596,1139,1201,1037,1,305,350,300,326,472
2019_2,1000304,997,530,467,0,110,243,319,224,101,0,52,116,161,140,61,0,58,127,158,84,40
2019_2,1000303,1983,1142,841,4,233,443,463,588,252,1,106,280,266,371,118,3,127,163,197,217,134
2019_2,1000302,5276,3322,1954,10,541,1268,1264,1320,873,2,245,679,770,982,644,8,296,589,494,338,229
2019_2,1000301,3386,1915,1471,3,398,896,926,904,259,1,152,415,541,641,165,2,246,481,385,263,94
2019_2,1000300,1720,734,986,4,241,313,417,448,297,2,84,136,177,199,136,2,157,177,240,249,161
2019_2,1000299,1863,1360,503,5,339,578,430,317,194,4,194,427,349,259,127,1,145,151,81,58,67
2019_2,1000298,4760,2515,2245,4,567,668,810,834,1877,1,194,323,364,446,1187,3,373,345,446,388,690
2019_2,1000297,3569,1878,1691,2,382,497,522,560,1606,1,144,248,223,278,984,1,238,249,299,282,622
2019_2,1000296,2731,1782,949,8,197,285,416,516,1309,4,68,141,206,291,1072,4,129,144,210,225,237
2019_2,1000295,3804,2328,1476,4,634,1114,938,740,374,3,314,736,569,428,278,1,320,378,369,312,96
2019_2,1000294,7173,5303,1870,5,701,1968,1342,1488,1669,3,373,1599,1066,1117,1145,2,328,369,276,371,524
2019_2,1000293,3436,1918,1518,6,409,644,981,974,422,1,122,312,581,631,271,5,287,332,400,343,151
2019_2,1000292,4488,2659,1829,8,536,1070,1342,1053,479,2,202,577,846,676,356,6,334,493,496,377,123
2019_2,1000291,2717,1424,1293,2,357,685,880,581,212,0,118,298,505,348,155,2,239,387,375,233,57
2019_2,1000290,3365,2010,1355,8,346,619,778,887,727,2,131,380,516,552,429,6,215,239,262,335,298
2019_2,1000289,2036,1022,1014,1,269,407,589,522,248,1,76,178,313,298,156,0,193,229,276,224,92
2019_2,1000288,4166,2598,1568,6,541,1054,944,917,704,3,268,682,533,564,548,3,273,372,411,353,156
2019_2,1000287,2984,1819,1165,6,326,462,606,563,1021,3,138,241,314,334,789,3,188,221,292,229,232
2019_2,1000286,1952,995,957,10,390,473,504,359,216,8,167,246,259,181,134,2,223,227,245,178,82
2019_2,1000285,4333,2673,1660,10,504,837,934,1038,1010,5,210,528,620,642,668,5,294,309,314,396,342
2019_2,1000284,2556,1201,1355,13,518,505,534,553,433,8,149,220,254,282,288,5,369,285,280,271,145
2019_2,1000283,1078,717,361,0,65,162,265,334,252,0,22,88,168,249,190,0,43,74,97,85,62
2019_2,1000282,3021,1593,1428,22,556,735,849,612,247,11,265,412,430,304,171,11,291,323,419,308,76
2019_2,1000281,1921,946,975,12,294,407,487,397,324,10,79,187,233,194,243,2,215,220,254,203,81
2019_2,1000280,2478,1648,830,0,273,615,724,627,239,0,113,413,514,461,147,0,160,202,210,166,92
2019_2,1000279,1342,700,642,0,140,245,308,296,353,0,61,116,142,143,238,0,79,129,166,153,115
2019_2,1000278,1627,720,907,3,209,300,385,407,323,2,83,124,164,177,170,1,126,176,221,230,153
2019_2,1000277,3531,1961,1570,7,436,685,1002,984,417,1,138,324,591,637,270,6,298,361,411,347,147
2019_2,1000276,5246,2902,2344,6,584,1188,1726,1303,439,0,211,621,913,898,259,6,373,567,813,405,180
2019_2,1000275,2426,1168,1258,5,361,488,679,600,293,1,98,217,354,318,180,4,263,271,325,282,113
2019_2,1000274,6567,4836,1731,3,570,1816,1210,1352,1616,2,300,1469,956,1011,1098,1,270,347,254,341,518
2019_2,1000273,1401,832,569,0,139,184,310,389,379,0,50,85,162,256,279,0,89,99,148,133,100
2019_2,1000272,2119,1042,1077,8,268,511,633,484,215,4,119,301,300,192,126,4,149,210,333,292,89
2019_2,1000271,2541,1210,1331,7,310,571,713,583,357,5,141,335,325,216,188,2,169,236,388,367,169
2019_2,1000270,3875,1797,2078,12,702,785,936,897,543,7,182,304,460,486,358,5,520,481,476,411,185
2019_2,1000269,11663,5691,5972,304,1966,2540,3138,2126,1589,110,664,1199,1620,1332,766,194,1302,1341,1518,794,823
2019_2,1000268,14085,6702,7383,310,2249,3197,4025,2554,1750,115,773,1498,1958,1532,826,195,1476,1699,2067,1022,924
2019_2,1000267,1528,1012,516,4,157,367,370,381,249,1,77,227,220,278,209,3,80,140,150,103,40
2019_2,1000266,592,288,304,8,92,149,142,127,74,5,42,91,66,47,37,3,50,58,76,80,37
2019_2,1000265,2768,1850,918,8,233,309,425,495,1298,4,88,159,234,298,1067,4,145,150,191,197,231
2019_2,1000264,1369,777,592,0,141,256,338,286,348,0,55,117,170,164,271,0,86,139,168,122,77
2019_2,1000263,2717,1807,910,3,257,420,451,444,1142,0,112,247,268,261,919,3,145,173,183,183,223
2019_2,1000262,1431,964,467,3,153,355,384,365,171,0,79,228,252,266,139,3,74,127,132,99,32
2019_2,1000261,2191,707,1484,9,693,609,431,297,152,1,92,211,160,139,104,8,601,398,271,158,48
2019_2,1000260,3351,2262,1089,3,335,767,1019,937,290,3,165,461,716,726,191,0,170,306,303,211,99
2019_2,1000259,1288,830,458,0,116,185,297,371,319,0,36,94,179,281,240,0,80,91,118,90,79
2019_2,1000258,2145,1347,798,3,174,311,449,625,583,0,63,141,230,422,491,3,111,170,219,203,92
2019_2,1000257,1335,826,509,3,110,206,267,412,337,1,38,99,154,269,265,2,72,107,113,143,72
2019_2,1000256,1301,752,549,0,105,181,336,344,335,0,42,85,188,213,224,0,63,96,148,131,111
2019_2,1000255,2548,1590,958,3,343,489,552,568,593,1,218,322,289,309,451,2,125,167,263,259,142
2019_2,1000254,3062,1914,1148,0,221,327,502,737,1275,0,90,178,289,491,866,0,131,149,213,246,409
2019_2,1000253,1099,663,436,0,93,230,343,259,174,0,53,134,214,164,98,0,40,96,129,95,76
2019_2,1000252,5853,3579,2274,2,667,1237,1270,1512,1165,1,340,649,666,983,940,1,327,588,604,529,225
2019_2,1000251,1082,589,493,3,141,176,272,255,235,3,72,83,132,130,169,0,69,93,140,125,66
2019_2,1000250,1896,1116,780,7,215,352,466,490,366,7,99,192,255,277,286,0,116,160,211,213,80
2019_2,1000249,3268,2004,1264,1,421,749,912,674,511,0,195,486,526,380,417,1,226,263,386,294,94
2019_2,1000248,2879,1669,1210,2,368,677,835,641,356,0,175,445,455,328,266,2,193,232,380,313,90
2019_2,1000247,2693,1652,1041,0,237,524,627,742,563,0,90,277,384,497,404,0,147,247,243,245,159
2019_2,1000246,2509,1555,954,1,254,506,624,617,507,1,121,312,360,393,368,0,133,194,264,224,139
2019_2,1000245,3501,2060,1441,1,276,539,711,742,1232,1,118,299,377,469,796,0,158,240,334,273,436
2019_2,1000244,3491,2043,1448,0,275,446,548,848,1374,0,88,201,281,546,927,0,187,245,267,302,447
2019_2,1000243,3040,1771,1269,0,204,376,550,688,1222,0,71,177,284,448,791,0,133,199,266,240,431
2019_2,1000242,1674,1120,554,0,142,239,445,588,260,0,66,135,296,439,184,0,76,104,149,149,76
2019_2,1000241,1517,1017,500,1,106,209,378,547,276,0,40,107,239,418,213,1,66,102,139,129,63
2019_2,1000240,1797,1089,708,2,153,286,398,545,413,0,55,122,188,360,364,2,98,164,210,185,49
2019_2,1000239,2001,1107,894,8,208,316,409,575,485,1,63,120,202,344,377,7,145,196,207,231,108
2019_2,1000238,1302,722,580,0,136,269,302,368,227,0,42,154,166,209,151,0,94,115,136,159,76
2019_2,1000237,3145,1925,1220,0,411,733,762,843,396,0,198,469,462,524,272,0,213,264,300,319,124
2019_2,1000236,1701,1170,531,0,242,444,421,441,153,0,141,308,282,321,118,0,101,136,139,120,35
2019_2,1000235,2467,1583,884,1,319,572,629,610,336,0,182,354,383,403,261,1,137,218,246,207,75
2019_2,1000234,1855,1299,556,0,246,425,453,458,273,0,150,301,302,341,205,0,96,124,151,117,68
2019_2,1000233,2308,1527,781,0,298,540,578,576,316,0,167,356,362,398,244,0,131,184,216,178,72
2019_2,1000232,1465,783,682,0,167,285,379,369,265,0,65,137,187,186,208,0,102,148,192,183,57
2019_2,1000231,2503,1568,935,2,226,418,588,631,638,0,106,230,328,406,498,2,120,188,260,225,140
2019_2,1000230,4467,2719,1748,3,516,995,1211,1020,722,0,239,620,689,610,561,3,277,375,522,410,161
2019_2,1000229,1396,804,592,2,130,213,326,406,319,2,52,94,161,251,244,0,78,119,165,155,75
2019_2,1000228,3344,2151,1193,2,379,714,919,799,531,1,193,493,556,490,418,1,186,221,363,309,113
2019_2,1000227,1513,1050,463,0,123,226,402,541,221,0,49,130,276,419,176,0,74,96,126,122,45
2019_2,1000226,2013,1097,916,3,269,440,468,517,316,2,105,262,245,261,222,1,164,178,223,256,94
2019_2,1000225,1642,777,865,4,140,336,430,447,285,0,48,155,189,209,176,4,92,181,241,238,109
2019_2,1000224,1921,1068,853,1,150,372,465,566,367,0,52,182,248,343,243,1,98,190,217,223,124
2019_2,1000223,2133,1305,828,1,222,444,551,510,405,1,113,276,315,309,291,0,109,168,236,201,114
2019_2,1000222,2791,1633,1158,1,339,642,781,633,395,0,152,429,424,334,294,1,187,213,357,299,101
2019_2,1000221,1817,1078,739,1,126,294,536,504,356,1,47,164,315,336,215,0,79,130,221,168,141
2019_2,1000220,3064,1255,1809,1,573,808,755,557,370,0,97,285,346,320,207,1,476,523,409,237,163
2019_2,1000219,754,444,310,1,71,162,211,198,111,1,27,107,127,108,74,0,44,55,84,90,37
2019_2,1000218,1552,892,660,3,155,287,412,398,297,1,65,166,251,254,155,2,90,121,161,144,142
2019_2,1000217,3109,1933,1176,6,232,652,797,869,553,2,102,374,453,546,456,4,130,278,344,323,97
2019_2,1000216,3982,2435,1547,6,1569,700,537,656,514,3,859,474,316,393,390,3,710,226,221,263,124
2019_2,1000215,4276,2324,1952,10,1590,764,696,735,481,4,869,487,363,318,283,6,721,277,333,417,198
2019_2,1000214,5561,3333,2228,9,555,1022,1173,1409,1393,7,277,638,773,806,832,2,278,384,400,603,561
2019_2,1000213,2780,1714,1066,2,267,418,602,654,837,0,101,225,319,396,673,2,166,193,283,258,164
2019_2,1000212,7559,4798,2761,33,1463,1824,1514,1351,1374,1,664,1196,1028,847,1062,32,799,628,486,504,312
2019_2,1000211,2803,1586,1217,5,315,689,751,806,237,4,143,341,382,547,169,1,172,348,369,259,68
2019_2,1000210,8220,4956,3264,20,1963,2460,1759,1185,833,8,773,1543,1170,832,630,12,1190,917,589,353,203
2019_2,1000209,8882,4148,4734,7,736,2092,2776,2330,941,2,297,1176,1209,907,557,5,439,916,1567,1423,384
2019_2,1000208,1468,893,575,2,150,272,459,381,204,2,56,126,274,271,164,0,94,146,185,110,40
2019_2,1000207,1069,648,421,0,86,212,326,258,187,0,45,116,196,162,129,0,41,96,130,96,58
2019_2,1000206,2988,1831,1157,2,416,832,746,672,320,1,148,453,492,495,242,1,268,379,254,177,78
2019_2,1000205,3945,2695,1250,5,457,862,1045,877,699,1,275,551,732,607,529,4,182,311,313,270,170
2019_2,1000204,5358,2290,3068,15,710,1051,1521,1540,521,4,467,692,488,324,315,11,243,359,1033,1216,206
2019_2,1000203,3125,1723,1402,3,373,652,823,859,415,2,152,296,501,513,259,1,221,356,322,346,156
2019_2,1000202,5218,3301,1917,5,577,986,1207,1218,1225,2,250,586,730,758,975,3,327,400,477,460,250
2019_2,1000201,5840,3658,2182,6,580,1002,1195,1346,1711,4,292,630,785,822,1125,2,288,372,410,524,586
2019_2,1000200,5193,2598,2595,20,1903,1103,932,776,459,13,948,579,406,369,283,7,955,524,526,407,176
2019_2,1000199,5769,2830,2939,18,1947,1235,1113,971,485,13,962,658,469,420,308,5,985,577,644,551,177
2019_2,1000198,4673,2574,2099,18,862,1206,1221,945,421,11,447,657,609,551,299,7,415,549,612,394,122
2019_2,1000197,3858,1803,2055,5,510,874,987,951,531,2,170,391,439,456,345,3,340,483,548,495,186
2019_2,1000196,3162,1385,1777,18,492,752,827,704,369,13,170,324,332,323,223,5,322,428,495,381,146
2019_2,1000195,3323,2048,1275,3,371,662,715,950,622,2,187,406,451,549,453,1,184,256,264,401,169
2019_2,1000194,1408,830,578,1,120,293,347,325,322,1,48,181,204,191,205,0,72,112,143,134,117
2019_2,1000193,3510,1924,1586,1,476,779,783,825,646,0,196,474,457,462,335,1,280,305,326,363,311
2019_2,1000192,1292,748,544,2,154,195,272,357,312,2,78,107,172,179,210,0,76,88,100,178,102
2019_2,1000191,2531,1363,1168,4,269,617,695,731,215,3,102,279,336,493,150,1,167,338,359,238,65
2019_2,1000190,2220,1414,806,0,237,509,523,606,345,0,135,357,355,361,206,0,102,152,168,245,139
2019_2,1000189,1455,946,509,6,210,294,380,339,226,4,129,183,241,224,165,2,81,111,139,115,61
2019_2,1000188,3126,1608,1518,5,435,608,708,767,603,2,143,234,371,416,442,3,292,374,337,351,161
2019_2,1000187,1454,861,593,1,158,308,421,375,191,1,75,168,269,238,110,0,83,140,152,137,81
2019_2,1000186,6370,2982,3388,13,844,1368,1752,1637,756,3,547,894,664,393,481,10,297,474,1088,1244,275
2019_2,1000185,3149,1870,1279,5,236,577,788,943,600,2,108,313,413,540,494,3,128,264,375,403,106
2019_2,1000184,4543,2341,2202,3,448,1023,1204,1203,662,1,197,464,645,639,395,2,251,559,559,564,267
2019_2,1000183,4256,2741,1515,13,655,1065,987,936,600,6,281,652,656,668,478,7,374,413,331,268,122
2019_2,1000182,3110,2010,1100,4,343,688,676,708,691,2,186,407,477,474,464,2,157,281,199,234,227
2019_2,1000181,3171,1603,1568,4,498,668,835,801,365,0,138,340,475,460,190,4,360,328,360,341,175
2019_2,1000180,3882,1953,1929,3,543,814,1007,1045,470,0,155,345,567,616,270,3,388,469,440,429,200
2019_2,1000179,1880,990,890,0,182,404,505,511,278,0,73,132,267,331,187,0,109,272,238,180,91
2019_2,1000178,5358,3024,2334,16,921,1316,1382,1143,580,12,477,745,718,648,424,4,444,571,664,495,156
2019_2,1000177,3199,1556,1643,3,421,669,801,809,496,1,146,336,330,398,345,2,275,333,471,411,151
2019_2,1000176,4974,2389,2585,20,624,1013,1118,1148,1051,16,250,491,542,551,539,4,374,522,576,597,512
2019_2,1000175,4055,2069,1986,22,482,724,795,960,1072,18,219,364,447,484,537,4,263,360,348,476,535
2019_2,1000174,4150,2144,2006,17,1712,832,724,565,300,13,895,489,314,245,188,4,817,343,410,320,112
2019_2,1000173,2888,1591,1297,10,264,409,541,716,948,7,133,228,328,389,506,3,131,181,213,327,442
2019_2,1000172,1731,1030,701,7,192,328,415,449,340,1,83,178,225,276,267,6,109,150,190,173,73
2019_2,1000171,713,405,308,1,72,125,174,170,171,1,40,81,118,89,76,0,32,44,56,81,95
2019_2,1000170,10345,4859,5486,10,1010,2410,3106,2590,1219,2,373,1311,1357,1059,757,8,637,1099,1749,1531,462
2019_2,1000169,2413,802,1611,2,580,790,543,322,176,0,101,257,199,125,120,2,479,533,344,197,56
2019_2,1000168,2199,1212,987,4,408,756,481,362,188,2,140,395,298,243,134,2,268,361,183,119,54
2019_2,1000167,3629,2259,1370,7,405,603,1011,1004,599,3,199,368,653,633,403,4,206,235,358,371,196
2019_2,1000166,3898,2175,1723,9,466,786,1022,924,691,3,247,478,530,450,467,6,219,308,492,474,224
2019_2,1000165,4550,2707,1843,6,659,1009,1186,932,758,2,357,634,678,523,513,4,302,375,508,409,245
2019_2,1000164,2324,1553,771,4,290,484,672,640,234,2,189,340,462,400,160,2,101,144,210,240,74
2019_2,1000163,3112,1951,1161,2,340,508,931,881,450,1,169,328,558,558,337,1,171,180,373,323,113
2019_2,1000162,3213,1920,1293,6,351,515,871,963,507,3,168,287,564,589,309,3,183,228,307,374,198
2019_2,1000161,3348,1858,1490,11,380,623,884,832,618,5,179,369,466,428,411,6,201,254,418,404,207
2019_2,1000160,10801,8903,1898,10,593,1536,2990,4544,1128,8,333,1152,2471,3971,968,2,260,384,519,573,160
2019_2,1000159,13989,10432,3557,23,1002,2106,3766,5421,1671,13,444,1269,2904,4483,1319,10,558,837,862,938,352
2019_2,1000158,4582,2554,2028,14,597,1009,1227,1135,600,10,232,532,715,643,422,4,365,477,512,492,178
2019_2,1000157,4311,2442,1869,8,598,872,1115,963,755,2,326,529,590,492,503,6,272,343,525,471,252
2019_2,1000156,2846,1548,1298,1,284,612,787,730,432,0,103,296,424,415,310,1,181,316,363,315,122
2019_2,1000155,10472,6194,4278,75,2872,2416,1978,2033,1098,28,1294,1422,1332,1349,769,47,1578,994,646,684,329
2019_2,1000154,6030,3776,2254,13,891,1427,1369,1173,1157,7,507,1012,965,661,624,6,384,415,404,512,533
2019_2,1000153,6735,3479,3256,14,522,1201,1933,2157,908,11,244,668,1066,969,521,3,278,533,867,1188,387
2019_2,1000152,13687,10357,3330,20,831,2210,3717,5387,1522,14,391,1383,2848,4500,1221,6,440,827,869,887,301
2019_2,1000151,3139,1850,1289,18,488,661,784,680,508,6,253,407,468,351,365,12,235,254,316,329,143
2019_2,1000150,1939,1408,531,4,159,386,472,603,315,0,82,274,335,481,236,4,77,112,137,122,79
2019_2,1000149,3274,1776,1498,6,342,778,864,884,400,4,144,437,472,446,273,2,198,341,392,438,127
2019_2,1000148,3387,1986,1401,11,397,747,896,940,396,7,239,429,508,510,293,4,158,318,388,430,103
2019_2,1000147,2293,1513,780,9,461,522,555,488,258,5,354,358,317,276,203,4,107,164,238,212,55
2019_2,1000146,2029,1271,758,7,401,415,505,446,255,3,275,292,299,222,180,4,126,123,206,224,75
2019_2,1000145,786,546,240,4,94,149,188,186,165,3,58,104,119,126,136,1,36,45,69,60,29
2019_2,1000144,1746,1076,670,11,263,383,411,384,294,6,129,222,250,240,229,5,134,161,161,144,65
2019_2,1000143,3596,2307,1289,16,524,798,912,739,607,9,263,500,616,463,456,7,261,298,296,276,151
2019_2,1000142,5296,3382,1914,29,684,1127,1318,1218,920,18,334,699,860,805,666,11,350,428,458,413,254
2019_2,1000141,2386,1761,625,4,289,612,673,582,226,2,198,472,520,411,158,2,91,140,153,171,68
2019_2,1000140,2145,1690,455,6,248,543,606,524,218,4,177,443,485,410,171,2,71,100,121,114,47
2019_2,1000139,5128,3063,2065,7,669,1089,1310,1092,961,2,362,650,772,609,668,5,307,439,538,483,293
2019_2,1000138,2152,1356,796,5,239,351,523,673,361,1,106,201,333,440,275,4,133,150,190,233,86
2019_2,1000137,4765,3073,1692,11,690,1159,1268,1055,582,5,358,744,841,663,462,6,332,415,427,392,120
2019_2,1000136,1796,1020,776,3,182,352,493,453,313,0,55,195,263,273,234,3,127,157,230,180,79
2019_2,1000135,3548,2229,1319,20,513,851,849,766,549,15,236,495,545,505,433,5,277,356,304,261,116
2019_2,1000134,2796,1753,1043,5,302,649,660,660,520,1,121,377,391,441,422,4,181,272,269,219,98
2019_2,1000133,3084,1688,1396,3,383,639,837,718,504,2,191,391,436,364,304,1,192,248,401,354,200
2019_2,1000132,10641,5932,4709,14,1095,2210,2696,2887,1739,8,610,1454,1687,1287,886,6,485,756,1009,1600,853
2019_2,1000131,2549,1398,1151,6,299,594,666,671,313,4,127,328,364,356,219,2,172,266,302,315,94
2019_2,1000130,2204,1170,1034,4,229,479,523,590,379,4,88,234,245,314,285,0,141,245,278,276,94
2019_2,1000129,2612,1733,879,7,326,715,591,633,340,6,181,483,373,423,267,1,145,232,218,210,73
2019_2,1000128,1341,966,375,4,123,188,353,454,219,0,69,132,244,340,181,4,54,56,109,114,38
2019_2,1000127,3432,2108,1324,5,520,921,903,654,429,4,284,596,581,331,312,1,236,325,322,323,117
2019_2,1000126,14686,10526,4160,13,1950,4894,4329,3006,494,12,741,3287,3501,2594,391,1,1209,1607,828,412,103
2019_2,1000125,4469,1851,2618,5,965,1324,1006,711,458,1,240,467,484,370,289,4,725,857,522,341,169
2019_2,1000124,4806,2824,1982,5,527,1204,1242,1232,596,4,249,600,736,831,404,1,278,604,506,401,192
2019_2,1000123,1048,452,596,0,125,254,274,270,125,0,32,89,128,123,80,0,93,165,146,147,45
2019_2,1000122,6266,2892,3374,29,945,1319,1711,1596,666,4,578,890,651,370,399,25,367,429,1060,1226,267
2019_2,1000121,8434,4507,3927,33,1262,1839,2322,2038,940,5,783,1247,1123,715,634,28,479,592,1199,1323,306
2019_2,1000120,8279,5192,3087,19,1317,2043,1987,1645,1268,12,742,1287,1241,1055,855,7,575,756,746,590,413
2019_2,1000119,3269,1577,1692,8,641,732,609,683,596,2,171,357,354,362,331,6,470,375,255,321,265
2019_2,1000118,5356,3035,2321,12,916,1077,1146,1240,965,5,316,582,747,804,581,7,600,495,399,436,384
2019_2,1000117,8415,2654,5761,11,691,1334,2479,3459,441,9,421,906,788,342,188,2,270,428,1691,3117,253
2019_2,1000116,5704,3767,1937,11,809,1260,1274,1245,1105,8,450,833,787,838,851,3,359,427,487,407,254
2019_2,1000115,10565,6501,4064,24,1580,2613,2511,2063,1774,13,794,1592,1612,1285,1205,11,786,1021,899,778,569
2019_2,1000114,12658,8502,4156,63,1842,3385,3373,2470,1525,44,999,2271,2356,1665,1167,19,843,1114,1017,805,358
2019_2,1000113,18052,11601,6451,71,2792,4649,4552,3629,2359,48,1438,3002,3091,2250,1772,23,1354,1647,1461,1379,587
2019_2,1000112,6406,4057,2349,15,1029,1899,1713,1080,670,5,517,1208,1143,670,514,10,512,691,570,410,156
2019_2,1000111,1178,607,571,0,144,309,313,271,141,0,57,173,174,123,80,0,87,136,139,148,61
2019_2,1000110,20314,12638,7676,72,3289,5284,4858,3827,2984,52,1714,3316,3167,2374,2015,20,1575,1968,1691,1453,969
2019_2,1000109,13468,8240,5228,48,2287,3496,3144,2670,1823,31,1140,2167,2044,1607,1251,17,1147,1329,1100,1063,572
2019_2,1000108,17664,11267,6397,119,2812,4229,4270,3684,2550,82,1484,2721,2862,2320,1798,37,1328,1508,1408,1364,752
2019_2,1000107,2778,1904,874,3,270,580,671,818,436,1,143,382,435,591,352,2,127,198,236,227,84
2019_2,1000106,5531,3833,1698,68,918,1476,1438,1088,543,40,523,1039,1016,781,434,28,395,437,422,307,109
2019_2,1000105,2910,1865,1045,5,400,647,751,689,418,4,214,392,468,465,322,1,186,255,283,224,96
2019_2,1000104,8493,5295,3198,26,1343,2157,2016,1635,1316,14,729,1353,1296,1044,859,12,614,804,720,591,457
2019_2,1000103,5148,3434,1714,7,732,1159,1134,1101,1015,4,412,792,737,723,766,3,320,367,397,378,249
2019_2,1000102,2734,1878,856,1,201,547,850,748,387,1,72,324,584,583,314,0,129,223,266,165,73
2019_2,1000101,1160,589,571,1,141,270,320,277,151,1,59,126,155,141,107,0,82,144,165,136,44
2019_2,1000100,3439,1892,1547,9,501,654,731,813,731,4,182,336,419,484,467,5,319,318,312,329,264
2019_2,1000099,4173,2255,1918,12,802,793,802,884,880,4,283,435,493,523,517,8,519,358,309,361,363
2019_2,1000098,1020,557,463,1,124,185,243,240,227,0,42,81,134,133,167,1,82,104,109,107,60
2019_2,1000097,786,408,378,3,84,189,212,208,90,1,33,85,118,106,65,2,51,104,94,102,25
2019_2,1000096,3894,2688,1206,1,310,780,1132,1123,548,1,116,476,801,888,406,0,194,304,331,235,142
2019_2,1000095,1743,1064,679,2,205,340,439,456,301,1,97,194,251,298,223,1,108,146,188,158,78
2019_2,1000094,1704,1111,593,1,162,299,424,471,347,0,86,185,259,323,258,1,76,114,165,148,89
2019_2,1000093,3653,2056,1597,5,644,756,780,787,681,2,264,416,488,476,410,3,380,340,292,311,271
2019_2,1000092,9107,5815,3292,26,1563,2647,2273,1587,1011,15,795,1655,1520,1102,728,11,768,992,753,485,283
2019_2,1000091,3334,2398,936,10,367,832,913,823,389,5,219,657,644,582,291,5,148,175,269,241,98
2019_2,1000090,1615,868,747,1,241,371,397,328,277,0,76,177,221,185,209,1,165,194,176,143,68
2019_2,1000089,3237,1364,1873,19,374,945,1158,469,272,0,129,317,499,229,190,19,245,628,659,240,82
2019_2,1000088,11694,4963,6731,15,1021,2018,3428,4313,899,12,560,1354,1466,1007,564,3,461,664,1962,3306,335
2019_2,1000087,3274,2099,1175,5,322,554,1017,978,398,4,113,291,721,701,269,1,209,263,296,277,129
2019_2,1000086,5010,3124,1886,12,801,1278,1337,1126,456,10,384,814,860,740,316,2,417,464,477,386,140
2019_2,1000085,2914,1396,1518,4,494,1099,780,344,193,0,228,548,333,143,144,4,266,551,447,201,49
2019_2,1000084,19793,14956,4837,77,3025,5602,5011,5114,964,38,1499,3747,4159,4721,792,39,1526,1855,852,393,172
2019_2,1000083,3532,1948,1584,10,570,1355,955,429,213,4,198,642,621,319,164,6,372,713,334,110,49
2019_2,1000082,9292,5426,3866,11,961,2249,2918,2247,906,7,446,1244,1649,1482,598,4,515,1005,1269,765,308
2019_2,1000081,14819,7117,7702,29,3181,4756,4144,2113,596,14,1243,2108,2086,1302,364,15,1938,2648,2058,811,232
2019_2,1000080,25037,9472,15565,65,6139,8052,7108,2902,771,23,2201,2828,2516,1422,482,42,3938,5224,4592,1480,289
2019_2,1000079,30446,12591,17855,93,8030,11166,7918,2413,826,39,3097,4782,3106,1020,547,54,4933,6384,4812,1393,279
2019_2,1000078,8262,4685,3577,9,726,1926,2702,2111,788,6,289,979,1469,1399,543,3,437,947,1233,712,245
2019_2,1000077,25525,13524,12001,76,9202,7003,4673,2681,1890,13,2019,4109,3754,2129,1500,63,7183,2894,919,552,390
2019_2,1000076,4225,2730,1495,13,573,1044,778,701,1116,9,216,513,539,491,962,4,357,531,239,210,154
2019_2,1000075,6760,4051,2709,2,1239,1812,1296,1091,1320,1,399,910,880,750,1111,1,840,902,416,341,209
2019_2,1000074,6299,3747,2552,5,909,1756,1270,1058,1301,2,299,808,848,716,1074,3,610,948,422,342,227
2019_2,1000073,11070,6421,4649,268,3163,3768,2115,1209,547,114,1498,2217,1395,808,389,154,1665,1551,720,401,158
2019_2,1000072,3839,2662,1177,37,619,955,1007,858,363,26,308,626,757,667,278,11,311,329,250,191,85
2019_2,1000071,14402,9024,5378,30,2712,5508,3692,1927,533,13,1243,3123,2636,1630,379,17,1469,2385,1056,297,154
2019_2,1000070,18297,9048,9249,28,4719,6801,4054,1864,831,16,1416,3085,2541,1417,573,12,3303,3716,1513,447,258
2019_2,1000069,2407,1488,919,3,390,659,593,510,252,2,200,404,388,342,152,1,190,255,205,168,100
2019_2,1000068,11112,6713,4399,276,3202,3702,2236,1181,515,118,1548,2266,1570,849,362,158,1654,1436,666,332,153
2019_2,1000067,6718,4773,1945,39,1102,2070,1878,1012,617,27,679,1539,1370,707,451,12,423,531,508,305,166
2019_2,1000066,6756,4811,1945,23,1091,2264,1969,923,486,12,622,1601,1507,679,390,11,469,663,462,244,96
2019_2,1000065,8398,5866,2532,19,1170,2526,2271,1273,1139,12,661,1750,1732,907,804,7,509,776,539,366,335
2019_2,1000064,2678,1501,1177,7,288,827,775,513,268,2,90,406,473,356,174,5,198,421,302,157,94
2019_2,1000063,7298,3998,3300,24,1318,2577,2036,926,417,9,499,1239,1306,662,283,15,819,1338,730,264,134
2019_2,1000062,6573,3335,3238,22,992,2318,1889,914,438,7,278,1032,1150,620,248,15,714,1286,739,294,190
2019_2,1000061,2776,1769,1007,4,310,494,831,834,303,4,114,268,589,593,201,0,196,226,242,241,102
2019_2,1000060,2168,1491,677,1,202,402,746,662,155,1,92,221,562,509,106,0,110,181,184,153,49
2019_2,1000059,5610,3274,2336,2,648,1663,2111,854,332,0,220,648,1482,690,234,2,428,1015,629,164,98
2019_2,1000058,9066,5401,3665,259,2618,2671,1806,1130,582,122,1306,1653,1220,716,384,137,1312,1018,586,414,198
2019_2,1000057,4674,3023,1651,18,635,1253,1191,938,639,11,338,835,815,613,411,7,297,418,376,325,228
2019_2,1000056,7955,4940,3015,19,1333,2353,2143,1433,674,5,472,1263,1553,1109,538,14,861,1090,590,324,136
2019_2,1000055,6992,4578,2414,54,1072,2098,1833,1130,805,39,562,1274,1282,833,588,15,510,824,551,297,217
2019_2,1000054,9940,3957,5983,3,3209,4194,1831,522,181,1,739,1702,993,387,135,2,2470,2492,838,135,46
2019_2,1000053,1251,721,530,2,241,346,252,238,172,1,114,211,147,134,114,1,127,135,105,104,58
2019_2,1000052,1986,1110,876,16,346,398,377,408,441,10,200,247,203,207,243,6,146,151,174,201,198
2019_2,1000051,5623,3499,2124,25,1010,1453,1436,977,722,15,558,948,940,613,425,10,452,505,496,364,297
2019_2,1000050,2024,1130,894,1,235,529,663,385,211,0,75,262,406,257,130,1,160,267,257,128,81
2019_2,1000049,2588,1366,1222,3,396,676,577,528,408,3,174,348,305,291,245,0,222,328,272,237,163
2019_2,1000048,24169,15527,8642,41,3955,8406,6547,3744,1476,10,1753,5083,4817,2940,924,31,2202,3323,1730,804,552
2019_2,1000047,46645,23056,23589,312,13886,12206,9779,7509,2953,120,6552,7288,5564,2627,905,192,7334,4918,4215,4882,2048
2019_2,1000046,8076,4975,3101,36,1398,2096,2158,1537,851,21,580,1242,1452,1058,622,15,818,854,706,479,229
2019_2,1000045,22616,10493,12123,29,3559,6898,7627,3430,1073,11,1317,2955,3826,1768,616,18,2242,3943,3801,1662,457
2019_2,1000044,15202,9708,5494,12,1929,4616,5080,2451,1114,5,901,2643,3704,1806,649,7,1028,1973,1376,645,465
2019_2,1000043,3813,1941,1872,2,607,1028,958,778,440,0,188,484,553,454,262,2,419,544,405,324,178
2019_2,1000042,8917,4286,4631,15,1870,2475,2021,1705,831,5,554,1146,1072,971,538,10,1316,1329,949,734,293
2019_2,1000041,10694,5642,5052,17,1857,2801,2855,2333,831,4,661,1608,1609,1273,487,13,1196,1193,1246,1060,344
2019_2,1000040,38834,17323,21511,97,6616,12101,11217,6541,2262,25,2187,5531,5102,3022,1456,72,4429,6570,6115,3519,806
2019_2,1000039,96337,44858,51479,259,20615,31949,25220,15655,2639,87,6151,13231,13029,10610,1750,172,14464,18718,12191,5045,889
2019_2,1000038,4385,2201,2184,11,1012,1153,908,765,536,3,311,600,532,405,350,8,701,553,376,360,186
2019_2,1000037,13565,6708,6857,25,2822,3778,3345,2661,934,6,862,1988,1835,1426,591,19,1960,1790,1510,1235,343
2019_2,1000036,7862,3823,4039,15,1667,2163,1755,1509,753,6,525,981,934,865,512,9,1142,1182,821,644,241
2019_2,1000035,4771,3096,1675,8,711,1629,1188,839,396,2,348,1122,844,513,267,6,363,507,344,326,129
2019_2,1000034,7227,3495,3732,12,1583,1994,1527,1290,821,2,459,964,854,700,516,10,1124,1030,673,590,305
2019_2,1000033,2826,1434,1392,2,442,662,690,614,416,0,162,291,341,364,276,2,280,371,349,250,140
2019_2,1000032,2383,1106,1277,2,392,586,586,492,325,1,110,222,275,282,216,1,282,364,311,210,109
2019_2,1000031,2292,1099,1193,2,330,602,576,464,318,2,86,247,293,259,212,0,244,355,283,205,106
2019_2,1000030,5551,2806,2745,4,769,1334,1465,1451,528,2,276,598,731,840,359,2,493,736,734,611,169
2019_2,1000029,2829,1524,1305,2,366,644,752,709,356,1,161,368,396,348,250,1,205,276,356,361,106
2019_2,1000028,2999,1490,1509,4,417,760,768,706,344,3,202,427,372,284,202,1,215,333,396,422,142
2019_2,1000027,3174,1811,1363,2,407,777,861,678,449,2,198,412,491,384,324,0,209,365,370,294,125
2019_2,1000026,9451,5431,4020,11,874,2537,3566,1900,563,7,404,1155,2082,1379,404,4,470,1382,1484,521,159
2019_2,1000025,1623,903,720,10,321,536,391,258,107,7,115,308,245,153,75,3,206,228,146,105,32
2019_2,1000024,665,234,431,0,77,100,139,199,150,0,22,36,63,66,47,0,55,64,76,133,103
2019_2,1000023,1977,1128,849,2,228,511,587,403,246,1,156,353,280,194,144,1,72,158,307,209,102
2019_2,1000022,806,372,434,1,61,130,203,214,197,1,21,57,98,96,99,0,40,73,105,118,98
2019_2,1000021,3854,1944,1910,22,642,913,783,799,695,14,256,467,419,402,386,8,386,446,364,397,309
2019_2,1000020,2493,1442,1051,3,326,621,720,526,297,2,185,405,360,296,194,1,141,216,360,230,103
2019_2,1000019,3699,2032,1667,3,398,545,737,762,1254,0,109,264,408,420,831,3,289,281,329,342,423
2019_2,1000018,2879,1600,1279,8,421,756,810,558,326,6,215,448,405,317,209,2,206,308,405,241,117
2019_2,1000017,5817,3837,1980,14,571,1280,1451,1317,1184,2,275,837,967,862,894,12,296,443,484,455,290
2019_2,1000016,8233,5850,2383,22,1058,2378,2522,1573,680,0,644,1677,1907,1147,475,22,414,701,615,426,205
2019_2,1000015,9785,5862,3923,11,1634,2866,2459,1901,914,3,582,1503,1640,1498,636,8,1052,1363,819,403,278
2019_2,1000014,8941,5638,3303,16,1463,2522,2366,1845,729,3,543,1402,1674,1513,503,13,920,1120,692,332,226
2019_2,1000013,8187,5391,2796,15,1137,2439,2393,1490,713,2,531,1476,1725,1108,549,13,606,963,668,382,164
2019_2,1000012,1589,673,916,21,292,445,379,291,161,0,79,192,153,145,104,21,213,253,226,146,57
2019_2,1000011,8095,3140,4955,6,1015,1490,1579,1991,2014,1,259,634,698,567,981,5,756,856,881,1424,1033
2019_2,1000010,1499,939,560,13,195,279,344,347,321,9,82,145,236,248,219,4,113,134,108,99,102
2019_2,1000009,8785,7414,1371,2,928,2437,2994,1984,440,1,708,1962,2587,1767,389,1,220,475,407,217,51
2019_2,1000008,9087,7537,1550,1,961,2541,3053,2078,453,1,713,2001,2610,1815,397,0,248,540,443,263,56
2019_2,1000007,11176,8689,2487,5,1328,3056,3467,2361,959,2,842,2403,2908,1887,647,3,486,653,559,474,312
2019_2,1000006,8584,6196,2388,2,1072,2611,2653,1727,519,1,588,1754,2028,1396,429,1,484,857,625,331,90
2019_2,1000005,3651,2049,1602,4,651,1107,944,631,314,0,259,635,564,386,205,4,392,472,380,245,109
2019_2,1000004,1715,999,716,8,277,484,374,317,255,8,111,255,237,205,183,0,166,229,137,112,72
2019_2,1000003,32048,20069,11979,619,8419,8076,7351,4953,2630,317,4206,5083,5242,3548,1673,302,4213,2993,2109,1405,957
2019_2,1000002,9366,4453,4913,8,834,2132,2845,2422,1125,0,330,1222,1281,974,646,8,504,910,1564,1448,479
2019_2,1000001,7818,4892,2926,2,1054,2536,2493,1360,373,2,436,1502,1714,974,264,0,618,1034,779,386,109
2019_1,1001010,3206,1627,1579,9,447,730,800,740,480,5,192,403,393,342,292,4,255,327,407,398,188
2019_1,1001009,7256,3545,3711,25,1019,1751,1659,1605,1197,12,374,758,732,851,818,13,645,993,927,754,379
2019_1,1001008,5733,2584,3149,37,1380,1518,1268,930,600,11,465,775,592,394,347,26,915,743,676,536,253
2019_1,1001007,19289,15615,3674,8,2139,8097,5185,2988,872,6,1304,6553,4584,2675,493,2,835,1544,601,313,379
2019_1,1001006,2483,1357,1126,4,255,546,608,542,528,3,125,327,306,260,336,1,130,219,302,282,192
2019_1,1001005,6880,3270,3610,14,1079,1633,1511,1525,1118,8,446,878,786,555,597,6,633,755,725,970,521
2019_1,1001004,6685,3501,3184,12,1146,1782,1631,1269,845,8,387,931,942,675,558,4,759,851,689,594,287
2019_1,1001003,6100,3095,3005,25,1257,1650,1467,980,721,6,451,946,838,460,394,19,806,704,629,520,327
2019_1,1001002,4107,1979,2128,16,498,829,966,888,910,9,163,422,474,401,510,7,335,407,492,487,400
2019_1,1001001,4166,2116,2050,19,471,835,1015,971,855,11,167,440,509,462,527,8,304,395,506,509,328
2019_1,1001000,5739,2640,3099,17,764,1192,1325,1384,1057,8,326,603,655,485,563,9,438,589,670,899,494
2019_1,1000999,6676,3348,3328,23,1148,1730,1624,1286,865,10,355,849,901,663,570,13,793,881,723,623,295
2019_1,1000998,2741,1248,1493,5,355,536,709,670,466,2,150,287,335,229,245,3,205,249,374,441,221
2019_1,1000997,2999,1319,1680,8,445,568,751,753,474,4,157,269,320,286,283,4,288,299,431,467,191
2019_1,1000996,3217,1496,1721,10,491,583,718,730,685,5,158,277,323,304,429,5,333,306,395,426,256
2019_1,1000995,3521,1763,1758,8,492,696,821,788,716,3,172,347,415,368,458,5,320,349,406,420,258
2019_1,1000994,3602,1756,1846,13,549,758,835,770,677,4,177,369,416,358,432,9,372,389,419,412,245
2019_1,1000993,20077,11204,8873,53,2336,4251,4622,5057,3758,42,1188,2441,2452,2716,2365,11,1148,1810,2170,2341,1393
2019_1,1000992,5252,2985,2267,5,621,965,988,1116,1557,2,257,495,534,599,1098,3,364,470,454,517,459
2019_1,1000991,4888,2876,2012,6,413,765,1021,1076,1607,3,180,421,581,576,1115,3,233,344,440,500,492
2019_1,1000990,5532,3177,2355,7,526,971,1190,1237,1601,3,224,513,659,665,1113,4,302,458,531,572,488
2019_1,1000989,4228,1829,2399,15,484,822,985,1017,905,10,165,368,426,389,471,5,319,454,559,628,434
2019_1,1000988,4045,2126,1919,10,371,739,903,944,1078,2,132,399,460,451,682,8,239,340,443,493,396
2019_1,1000987,5076,2403,2673,13,577,897,1088,1298,1203,6,248,500,513,451,685,7,329,397,575,847,518
2019_1,1000986,9164,4224,4940,21,1785,2289,2014,1908,1147,12,643,1117,1024,763,665,9,1142,1172,990,1145,482
2019_1,1000985,2085,1013,1072,9,190,429,525,563,369,6,78,205,234,280,210,3,112,224,291,283,159
2019_1,1000984,14683,8585,6098,39,1926,3516,3480,3301,2421,20,878,1846,2023,2164,1654,19,1048,1670,1457,1137,767
2019_1,1000983,17580,9425,8155,49,2035,3773,4179,4442,3102,39,1001,2121,2130,2204,1930,10,1034,1652,2049,2238,1172
2019_1,1000982,19326,15562,3764,8,2138,8104,5192,3005,879,6,1295,6537,4566,2663,495,2,843,1567,626,342,384
2019_1,1000981,4210,1713,2497,9,433,737,1038,1196,797,4,163,333,411,344,458,5,270,404,627,852,339
2019_1,1000980,4031,1551,2480,15,429,681,891,1047,968,10,135,299,373,315,419,5,294,382,518,732,549
2019_1,1000979,3184,1467,1717,8,426,628,804,777,541,3,180,304,373,302,305,5,246,324,431,475,236
2019_1,1000978,3364,1539,1825,8,460,664,869,814,549,3,195,323,409,300,309,5,265,341,460,514,240
2019_1,1000977,4447,2383,2064,7,697,1101,925,974,743,3,277,587,513,514,489,4,420,514,412,460,254
2019_1,1000976,1138,564,574,0,102,192,262,336,246,0,36,90,129,182,127,0,66,102,133,154,119
2019_1,1000975,804,433,371,0,62,130,186,299,127,0,26,59,96,172,80,0,36,71,90,127,47
2019_1,1000974,1564,844,720,3,130,312,385,513,221,1,57,143,195,310,138,2,73,169,190,203,83
2019_1,1000973,2229,966,1263,7,232,529,597,558,306,6,80,230,245,248,157,1,152,299,352,310,149
2019_1,1000972,2948,1277,1671,6,318,650,778,776,420,6,136,297,333,303,202,0,182,353,445,473,218
2019_1,1000971,1523,708,815,8,146,298,383,405,283,3,39,118,162,182,204,5,107,180,221,223,79
2019_1,1000970,1181,452,729,0,118,237,314,299,213,0,34,100,122,107,89,0,84,137,192,192,124
2019_1,1000969,969,411,558,7,119,232,253,242,116,4,51,89,98,100,69,3,68,143,155,142,47
2019_1,1000968,4067,1688,2379,8,406,694,992,1182,785,3,166,335,399,334,451,5,240,359,593,848,334
2019_1,1000967,9080,5236,3844,29,1288,2333,2090,1936,1404,12,647,1319,1275,1132,851,17,641,1014,815,804,553
2019_1,1000966,3694,1765,1929,15,641,896,831,784,527,7,247,436,398,351,326,8,394,460,433,433,201
2019_1,1000965,3370,1639,1731,11,478,676,839,780,586,5,178,319,379,367,391,6,300,357,460,413,195
2019_1,1000964,7935,4884,3051,16,1274,2074,1959,1612,1000,10,616,1354,1247,969,688,6,658,720,712,643,312
2019_1,1000963,14317,8747,5570,50,2465,3873,3330,2754,1845,26,1247,2498,2173,1541,1262,24,1218,1375,1157,1213,583
2019_1,1000962,14423,9115,5308,29,1226,2111,2061,2298,6698,18,613,1274,1277,1308,4625,11,613,837,784,990,2073
2019_1,1000961,8462,5071,3391,43,1213,1888,1725,1676,1917,18,547,1073,1015,1030,1388,25,666,815,710,646,529
2019_1,1000960,14051,7509,6542,22,2240,3394,3312,3100,1983,5,960,1978,1982,1504,1080,17,1280,1416,1330,1596,903
2019_1,1000959,10029,4403,5626,26,2103,2692,2293,1833,1082,9,665,1241,1147,710,631,17,1438,1451,1146,1123,451
2019_1,1000958,19449,10990,8459,46,3075,4803,4695,4278,2552,18,1276,2766,2906,2429,1595,28,1799,2037,1789,1849,957
2019_1,1000957,24089,14780,9309,80,4579,6824,6226,4158,2222,23,2092,4303,4080,2566,1716,57,2487,2521,2146,1592,506
2019_1,1000956,8768,5116,3652,28,1003,1659,2099,2004,1975,16,502,1006,1235,1135,1222,12,501,653,864,869,753
2019_1,1000955,14427,7607,6820,37,2376,3441,3448,3249,1876,18,1022,1972,2001,1534,1060,19,1354,1469,1447,1715,816
2019_1,1000954,7039,3497,3542,57,1106,1576,1545,1473,1282,42,405,795,776,706,773,15,701,781,769,767,509
2019_1,1000953,10074,5904,4170,29,1365,2356,2325,2302,1697,18,656,1380,1390,1372,1088,11,709,976,935,930,609
2019_1,1000952,5607,3234,2373,10,776,1204,1347,1236,1034,7,354,711,789,627,746,3,422,493,558,609,288
2019_1,1000951,9568,5497,4071,29,1539,2403,2260,1981,1356,16,727,1482,1351,1004,917,13,812,921,909,977,439
2019_1,1000950,6369,3279,3090,20,818,1309,1297,1414,1511,6,297,685,680,703,908,14,521,624,617,711,603
2019_1,1000949,5956,3041,2915,35,1200,1387,1262,1148,924,9,447,785,678,528,594,26,753,602,584,620,330
2019_1,1000948,5176,3024,2152,11,640,1126,1392,1263,744,8,300,683,879,682,472,3,340,443,513,581,272
2019_1,1000947,6827,4043,2784,33,1138,1371,1522,1233,1530,10,430,800,913,630,1260,23,708,571,609,603,270
2019_1,1000946,5602,3243,2359,17,786,1274,1346,1325,854,8,399,793,851,663,529,9,387,481,495,662,325
2019_1,1000945,8502,4758,3744,37,1352,1693,1787,1721,1912,12,527,950,1007,790,1472,25,825,743,780,931,440
2019_1,1000944,4947,2835,2112,16,634,1007,1018,1182,1090,4,280,614,591,616,730,12,354,393,427,566,360
2019_1,1000943,5498,2713,2785,14,802,1197,1222,1281,982,4,305,620,629,551,604,10,497,577,593,730,378
2019_1,1000942,1975,969,1006,5,156,347,585,584,298,2,59,169,261,278,200,3,97,178,324,306,98
2019_1,1000941,3685,1813,1872,10,549,784,898,818,626,4,206,396,429,379,399,6,343,388,469,439,227
2019_1,1000940,2973,1655,1318,10,290,473,734,898,568,5,122,250,364,509,405,5,168,223,370,389,163
2019_1,1000939,11718,4826,6892,66,2729,3640,2309,1718,1256,10,613,1415,995,971,822,56,2116,2225,1314,747,434
2019_1,1000938,11649,6488,5161,36,2507,3822,3002,1411,871,11,998,2245,1854,801,579,25,1509,1577,1148,610,292
2019_1,1000937,18503,9480,9023,66,4188,5777,4373,2725,1374,33,1477,3030,2621,1460,859,33,2711,2747,1752,1265,515
2019_1,1000936,25805,13356,12449,131,6650,7626,5141,2933,3324,45,2127,4050,3194,1649,2291,86,4523,3576,1947,1284,1033
2019_1,1000935,60392,34808,25584,261,15250,22622,14207,5937,2115,102,5741,12923,10233,4349,1460,159,9509,9699,3974,1588,655
2019_1,1000934,8787,2499,6288,6,2602,2900,1768,1028,483,3,423,821,567,409,276,3,2179,2079,1201,619,207
2019_1,1000933,4254,2288,1966,7,461,739,994,1111,942,5,251,430,542,537,523,2,210,309,452,574,419
2019_1,1000932,15936,10123,5813,37,2915,5306,4305,2201,1172,14,1221,3510,3138,1471,769,23,1694,1796,1167,730,403
2019_1,1000931,43658,27507,16151,85,9324,12436,9367,7097,5349,36,4511,8103,6930,4600,3327,49,4813,4333,2437,2497,2022
2019_1,1000930,81416,48334,33082,357,18510,26189,19681,12003,4676,129,8159,16741,13450,7067,2788,228,10351,9448,6231,4936,1888
2019_1,1000929,11938,5835,6103,71,3403,3791,2540,1283,850,31,1122,1985,1451,677,569,40,2281,1806,1089,606,281
2019_1,1000928,1202,634,568,14,157,261,295,306,169,10,71,131,166,155,101,4,86,130,129,151,68
2019_1,1000927,23244,9445,13799,138,8030,8381,3965,1679,1051,51,2300,3507,1920,962,705,87,5730,4874,2045,717,346
2019_1,1000926,27951,16034,11917,83,5114,8285,6834,4725,2910,17,1889,4668,4597,3045,1818,66,3225,3617,2237,1680,1092
2019_1,1000925,16985,8368,8617,54,3132,4848,4136,3090,1725,18,983,2353,2249,1677,1088,36,2149,2495,1887,1413,637
2019_1,1000924,22776,11582,11194,78,5221,7097,5409,3254,1717,35,1785,3655,3224,1778,1105,43,3436,3442,2185,1476,612
2019_1,1000923,38572,23780,14792,179,7316,13225,10633,5089,2130,31,3130,8173,7323,3627,1496,148,4186,5052,3310,1462,634
2019_1,1000922,9063,4532,4531,28,1830,2842,2241,1360,762,12,694,1580,1153,595,498,16,1136,1262,1088,765,264
2019_1,1000921,8587,4806,3781,25,1526,2583,2284,1432,737,9,579,1484,1429,801,504,16,947,1099,855,631,233
2019_1,1000920,5542,2373,3169,21,1070,1433,1437,1054,527,6,318,632,649,454,314,15,752,801,788,600,213
2019_1,1000919,3854,1573,2281,18,716,940,1030,765,385,5,208,409,423,308,220,13,508,531,607,457,165
2019_1,1000918,14746,5273,9473,77,4876,5414,2581,1133,665,12,1202,2009,1118,543,389,65,3674,3405,1463,590,276
2019_1,1000917,13806,7127,6679,48,2812,4796,3027,1927,1196,22,1019,2422,1747,1147,770,26,1793,2374,1280,780,426
2019_1,1000916,22387,12802,9585,61,5309,8359,4980,2425,1253,19,2109,4943,3461,1445,825,42,3200,3416,1519,980,428
2019_1,1000915,10918,5457,5461,45,2987,3692,2336,1160,698,22,1012,1848,1423,695,457,23,1975,1844,913,465,241
2019_1,1000914,24556,12959,11597,132,6279,8079,5645,2791,1630,56,2248,4398,3500,1680,1077,76,4031,3681,2145,1111,553
2019_1,1000913,27835,14018,13817,102,7187,8549,6260,3416,2321,46,2413,4501,3739,1788,1531,56,4774,4048,2521,1628,790
2019_1,1000912,20438,13550,6888,52,5053,5804,3878,3152,2499,20,2708,4031,2790,2064,1937,32,2345,1773,1088,1088,562
2019_1,1000911,11741,5193,6548,90,3609,3925,2267,1304,546,22,1070,1759,1224,747,371,68,2539,2166,1043,557,175
2019_1,1000910,17678,6291,11387,143,6588,6306,2809,1203,629,30,1733,2334,1232,561,401,113,4855,3972,1577,642,228
2019_1,1000909,33401,18077,15324,129,8480,11234,7229,3853,2476,57,2867,5982,4817,2764,1590,72,5613,5252,2412,1089,886
2019_1,1000908,31171,16466,14705,97,7630,10505,7424,3733,1782,23,2458,5730,4579,2417,1259,74,5172,4775,2845,1316,523
2019_1,1000907,26638,13148,13490,114,7476,8555,6086,2862,1545,37,2318,4343,3602,1750,1098,77,5158,4212,2484,1112,447
2019_1,1000906,18642,8942,9700,136,6056,5815,3627,1800,1208,48,1934,2896,2189,1036,839,88,4122,2919,1438,764,369
2019_1,1000905,15871,7769,8102,115,5398,4977,2958,1410,1013,48,1802,2540,1831,833,715,67,3596,2437,1127,577,298
2019_1,1000904,24575,12021,12554,143,6142,7075,5455,3595,2165,47,2188,3623,3015,1808,1340,96,3954,3452,2440,1787,825
2019_1,1000903,6711,3919,2792,14,893,1603,1711,1382,1108,8,447,990,995,764,715,6,446,613,716,618,393
2019_1,1000902,20787,11792,8995,64,4199,6330,5061,2932,2201,18,1504,3407,3398,1923,1542,46,2695,2923,1663,1009,659
2019_1,1000901,31357,13438,17919,165,5637,7106,8814,5687,3948,79,2665,4020,2810,1757,2107,86,2972,3086,6004,3930,1841
2019_1,1000900,40485,18837,21648,207,6903,9964,11621,7934,3856,88,3168,5859,4608,2963,2151,119,3735,4105,7013,4971,1705
2019_1,1000899,17546,7679,9867,1194,7386,3961,2494,1590,921,455,3022,1873,1191,619,519,739,4364,2088,1303,971,402
2019_1,1000898,32163,16232,15931,151,9697,10667,6789,2991,1868,55,3166,5661,4226,1806,1318,96,6531,5006,2563,1185,550
2019_1,1000897,9297,5343,3954,27,2041,2873,2268,1184,904,9,804,1688,1508,706,628,18,1237,1185,760,478,276
2019_1,1000896,25530,13893,11637,112,6680,7357,5598,3537,2246,42,2533,4130,3673,2004,1511,70,4147,3227,1925,1533,735
2019_1,1000895,10346,5713,4633,27,1333,2368,2786,2316,1516,18,535,1399,1553,1195,1013,9,798,969,1233,1121,503
2019_1,1000894,27586,15747,11839,98,6096,7493,6097,4340,3462,44,2492,4464,4254,2452,2041,54,3604,3029,1843,1888,1421
2019_1,1000893,15492,8151,7341,82,3675,4066,3198,2196,2275,22,1392,2415,1842,1124,1356,60,2283,1651,1356,1072,919
2019_1,1000892,1055,434,621,1,102,205,252,294,201,0,31,67,96,121,119,1,71,138,156,173,82
2019_1,1000891,6377,3646,2731,12,752,1388,1741,1454,1030,4,310,813,969,790,760,8,442,575,772,664,270
2019_1,1000890,23049,12909,10140,68,3226,5873,6207,5077,2598,27,1431,3645,3554,2534,1718,41,1795,2228,2653,2543,880
2019_1,1000889,24838,13714,11124,68,3626,6394,5982,5104,3664,26,1652,4104,3467,2495,1970,42,1974,2290,2515,2609,1694
2019_1,1000888,26152,12762,13390,78,6676,8521,5854,3208,1815,16,1986,4434,3486,1686,1154,62,4690,4087,2368,1522,661
2019_1,1000887,29345,15965,13380,91,6984,10060,7143,3283,1784,24,2489,5799,4550,1961,1142,67,4495,4261,2593,1322,642
2019_1,1000886,9000,5113,3887,41,2209,2531,2036,1253,930,13,912,1489,1385,737,577,28,1297,1042,651,516,353
2019_1,1000885,22771,13603,9168,80,4621,6771,5697,3433,2169,29,1847,4051,3926,2180,1570,51,2774,2720,1771,1253,599
2019_1,1000884,5186,2757,2429,14,658,1110,1243,1225,936,9,265,670,714,576,523,5,393,440,529,649,413
2019_1,1000883,14096,9233,4863,23,2578,4004,3430,2176,1885,8,1300,2639,2470,1488,1328,15,1278,1365,960,688,557
2019_1,1000882,7160,4263,2897,60,1392,1977,1630,1140,961,9,527,1221,1144,659,703,51,865,756,486,481,258
2019_1,1000881,11706,5924,5782,36,2312,3148,2970,1989,1251,15,827,1632,1595,1016,839,21,1485,1516,1375,973,412
2019_1,1000880,10325,5508,4817,23,1882,2616,2571,1826,1407,9,704,1408,1413,969,1005,14,1178,1208,1158,857,402
2019_1,1000879,11331,5072,6259,38,1628,2287,2405,2962,2011,18,593,1232,1280,1056,893,20,1035,1055,1125,1906,1118
2019_1,1000878,11516,7619,3897,37,2427,4363,2607,1277,805,10,1208,3065,2027,828,481,27,1219,1298,580,449,324
2019_1,1000877,10761,5844,4917,41,2254,3521,2512,1287,1146,11,776,1963,1565,777,752,30,1478,1558,947,510,394
2019_1,1000876,24278,14400,9878,84,3569,6364,6455,5055,2751,27,1741,4176,4029,2714,1713,57,1828,2188,2426,2341,1038
2019_1,1000875,19109,11939,7170,51,3635,6073,4937,2638,1775,12,1452,3873,3602,1807,1193,39,2183,2200,1335,831,582
2019_1,1000874,4549,2740,1809,10,687,1071,1225,853,703,9,299,634,755,544,499,1,388,437,470,309,204
2019_1,1000873,13808,7681,6127,20,2715,4248,3778,2094,953,8,1344,2438,1972,1265,654,12,1371,1810,1806,829,299
2019_1,1000872,8265,4724,3541,18,1427,2086,2035,1551,1148,9,614,1192,1249,947,713,9,813,894,786,604,435
2019_1,1000871,15329,8158,7171,45,2668,4217,3975,2777,1647,19,1064,2415,2108,1412,1140,26,1604,1802,1867,1365,507
2019_1,1000870,12434,7004,5430,41,2007,3287,3290,2355,1454,19,830,2036,1908,1197,1014,22,1177,1251,1382,1158,440
2019_1,1000869,11529,6214,5315,39,1839,2731,3023,2290,1607,21,760,1522,1618,1156,1137,18,1079,1209,1405,1134,470
2019_1,1000868,14242,7844,6398,55,3188,5091,3250,1647,1011,13,1246,3008,2070,931,576,42,1942,2083,1180,716,435
2019_1,1000867,5882,3233,2649,50,1260,1921,1496,766,389,17,512,1053,927,497,227,33,748,868,569,269,162
2019_1,1000866,5448,3213,2235,53,1175,1528,1355,859,478,17,531,955,863,571,276,36,644,573,492,288,202
2019_1,1000865,18595,9499,9096,65,3723,5762,4702,2679,1664,17,1206,2867,2634,1611,1164,48,2517,2895,2068,1068,500
2019_1,1000864,4598,2920,1678,11,682,1337,1072,749,747,5,263,877,707,502,566,6,419,460,365,247,181
2019_1,1000863,7297,4428,2869,24,1128,2023,1819,1261,1042,11,433,1250,1187,812,735,13,695,773,632,449,307
2019_1,1000862,11128,5440,5688,30,2121,3016,2861,1929,1171,11,752,1534,1464,929,750,19,1369,1482,1397,1000,421
2019_1,1000861,8083,4968,3115,18,1469,2481,2052,1157,906,7,590,1553,1465,789,564,11,879,928,587,368,342
2019_1,1000860,27002,15953,11049,80,4492,6972,5872,4968,4618,45,2253,4448,3680,2800,2727,35,2239,2524,2192,2168,1891
2019_1,1000859,15944,9511,6433,344,3753,3790,3353,2741,1963,139,1853,2332,2196,1616,1375,205,1900,1458,1157,1125,588
2019_1,1000858,6538,3834,2704,17,1014,1648,1662,1305,892,10,508,1001,1060,727,528,7,506,647,602,578,364
2019_1,1000857,25883,14557,11326,84,3586,6486,6928,5677,3122,38,1667,4123,4066,2815,1848,46,1919,2363,2862,2862,1274
2019_1,1000856,9999,6302,3697,21,1376,2566,2567,2157,1312,6,657,1672,1737,1377,853,15,719,894,830,780,459
2019_1,1000855,6928,3631,3297,51,1510,2244,1711,970,442,17,578,1162,1015,603,256,34,932,1082,696,367,186
2019_1,1000854,6787,3720,3067,26,1081,1587,1539,1310,1244,17,512,1020,932,603,636,9,569,567,607,707,608
2019_1,1000853,9370,5513,3857,36,1575,2276,2314,1677,1492,18,668,1300,1425,1051,1051,18,907,976,889,626,441
2019_1,1000852,32189,19800,12389,96,5287,9308,7584,6071,3843,35,2591,6195,5020,3553,2406,61,2696,3113,2564,2518,1437
2019_1,1000851,12871,7855,5016,37,1614,3142,3340,2856,1882,21,771,2016,2164,1723,1160,16,843,1126,1176,1133,722
2019_1,1000850,23689,12943,10746,140,5888,7013,5426,3735,1487,82,2783,4472,3236,1535,835,58,3105,2541,2190,2200,652
2019_1,1000849,21170,13364,7806,68,3456,6190,5478,3380,2598,18,1518,3910,3903,2227,1788,50,1938,2280,1575,1153,810
2019_1,1000848,14323,8680,5643,51,2481,4149,3532,2271,1839,16,1059,2526,2414,1441,1224,35,1422,1623,1118,830,615
2019_1,1000847,31663,12922,18741,45,7493,9658,7851,4729,1887,18,1443,3557,3910,2844,1150,27,6050,6101,3941,1885,737
2019_1,1000846,93247,83334,9913,36,8507,19175,26869,35681,2979,17,6597,16484,23829,33939,2468,19,1910,2691,3040,1742,511
2019_1,1000845,24660,13588,11072,123,4746,6249,5239,4275,4028,48,1927,3743,3178,2341,2351,75,2819,2506,2061,1934,1677
2019_1,1000844,15708,9580,6128,345,4167,4294,3374,2157,1371,146,2049,2726,2379,1398,882,199,2118,1568,995,759,489
2019_1,1000843,1194,611,583,2,122,252,337,278,203,0,50,118,152,150,141,2,72,134,185,128,62
2019_1,1000842,690,280,410,1,76,162,161,167,123,0,8,51,68,66,87,1,68,111,93,101,36
2019_1,1000841,1522,796,726,1,139,248,349,409,376,1,50,120,180,197,248,0,89,128,169,212,128
2019_1,1000840,1570,821,749,5,159,208,368,446,384,4,72,109,190,210,236,1,87,99,178,236,148
2019_1,1000839,3062,1826,1236,10,336,542,787,837,550,6,148,311,466,522,373,4,188,231,321,315,177
2019_1,1000838,1601,732,869,8,212,350,397,377,257,3,82,181,196,139,131,5,130,169,201,238,126
2019_1,1000837,4922,2601,2321,22,861,1170,1063,970,836,10,355,654,568,437,577,12,506,516,495,533,259
2019_1,1000836,4694,2260,2434,22,831,1019,1086,910,826,5,317,517,541,419,461,17,514,502,545,491,365
2019_1,1000835,2059,920,1139,5,295,437,520,445,357,1,102,214,230,182,191,4,193,223,290,263,166
2019_1,1000834,3781,1995,1786,7,561,755,925,760,773,0,217,386,507,390,495,7,344,369,418,370,278
2019_1,1000833,2877,1259,1618,3,390,587,725,661,511,1,127,290,329,266,246,2,263,297,396,395,265
2019_1,1000832,3162,1311,1851,19,536,683,737,653,534,5,154,286,332,294,240,14,382,397,405,359,294
2019_1,1000831,5344,3599,1745,7,502,903,996,1152,1784,2,227,572,577,678,1543,5,275,331,419,474,241
2019_1,1000830,4695,3245,1450,2,405,781,825,896,1786,0,178,485,479,561,1542,2,227,296,346,335,244
2019_1,1000829,18509,10521,7988,69,4178,5884,4419,2435,1524,39,1687,3652,2707,1382,1054,30,2491,2232,1712,1053,470
2019_1,1000828,2860,1369,1491,2,380,553,647,725,553,2,120,252,296,354,345,0,260,301,351,371,208
2019_1,1000827,3030,1349,1681,2,399,634,764,710,521,1,136,312,350,299,251,1,263,322,414,411,270
2019_1,1000826,1207,500,707,6,153,267,330,299,152,2,36,127,126,122,87,4,117,140,204,177,65
2019_1,1000825,1116,373,743,5,156,238,310,252,155,2,40,87,88,86,70,3,116,151,222,166,85
2019_1,1000824,3868,1763,2105,18,626,858,956,745,665,3,186,384,492,353,345,15,440,474,464,392,320
2019_1,1000823,2954,1312,1642,15,475,499,603,665,697,7,204,241,280,246,334,8,271,258,323,419,363
2019_1,1000822,934,447,487,0,105,197,233,252,147,0,29,96,108,112,102,0,76,101,125,140,45
2019_1,1000821,4095,1859,2236,30,818,740,839,857,811,12,316,387,423,325,396,18,502,353,416,532,415
2019_1,1000820,4095,1681,2414,24,1035,932,824,777,503,10,327,401,381,293,269,14,708,531,443,484,234
2019_1,1000819,928,456,472,0,116,173,191,226,222,0,40,86,85,89,156,0,76,87,106,137,66
2019_1,1000818,1209,634,575,3,101,189,298,351,267,2,39,98,152,172,171,1,62,91,146,179,96
2019_1,1000817,3099,1821,1278,11,302,487,789,899,611,6,139,286,463,533,394,5,163,201,326,366,217
2019_1,1000816,2006,1181,825,10,238,399,503,575,281,4,106,213,286,374,198,6,132,186,217,201,83
2019_1,1000815,3698,1829,1869,24,704,762,827,743,638,12,302,395,416,338,366,12,402,367,411,405,272
2019_1,1000814,4496,2575,1921,33,953,1075,1066,895,474,22,434,619,670,513,317,11,519,456,396,382,157
2019_1,1000813,1772,1076,696,8,200,329,468,527,240,4,89,190,272,357,164,4,111,139,196,170,76
2019_1,1000812,4418,1834,2584,2,616,878,1047,1053,822,1,154,394,460,408,417,1,462,484,587,645,405
2019_1,1000811,5588,2459,3129,18,818,1553,1830,968,401,7,290,590,756,555,261,11,528,963,1074,413,140
2019_1,1000810,1393,746,647,3,113,241,345,382,309,2,55,127,175,191,196,1,58,114,170,191,113
2019_1,1000809,1143,416,727,7,178,237,290,260,171,3,43,96,117,87,70,4,135,141,173,173,101
2019_1,1000808,854,324,530,6,135,181,215,211,106,2,33,68,89,90,42,4,102,113,126,121,64
2019_1,1000807,1998,830,1168,9,255,380,501,489,364,3,76,151,220,199,181,6,179,229,281,290,183
2019_1,1000806,1794,1148,646,10,240,356,453,491,244,5,117,223,295,343,165,5,123,133,158,148,79
2019_1,1000805,610,308,302,1,82,159,138,130,100,1,30,86,56,65,70,0,52,73,82,65,30
2019_1,1000804,9937,4585,5352,35,1725,3125,2887,1556,609,12,552,1355,1333,937,396,23,1173,1770,1554,619,213
2019_1,1000803,2900,1513,1387,0,595,673,659,614,359,0,233,367,381,300,232,0,362,306,278,314,127
2019_1,1000802,5958,3352,2606,36,1170,1398,1434,1258,662,24,559,824,852,662,431,12,611,574,582,596,231
2019_1,1000801,3754,1873,1881,3,831,888,847,733,452,1,280,432,487,368,305,2,551,456,360,365,147
2019_1,1000800,2021,913,1108,13,302,532,531,404,239,6,83,271,228,180,145,7,219,261,303,224,94
2019_1,1000799,3661,2173,1488,14,594,691,733,839,790,6,266,405,423,463,610,8,328,286,310,376,180
2019_1,1000798,2780,1365,1415,7,316,503,629,732,593,1,118,251,301,358,336,6,198,252,328,374,257
2019_1,1000797,2866,1432,1434,5,305,516,676,768,596,0,105,254,333,367,373,5,200,262,343,401,223
2019_1,1000796,3442,1746,1696,7,402,679,797,883,674,0,130,378,396,430,412,7,272,301,401,453,262
2019_1,1000795,4647,3160,1487,4,385,750,812,927,1769,1,168,439,457,562,1533,3,217,311,355,365,236
2019_1,1000794,1128,471,657,0,87,174,264,287,316,0,12,51,94,98,216,0,75,123,170,189,100
2019_1,1000793,1830,796,1034,7,239,369,454,457,304,2,65,156,215,208,150,5,174,213,239,249,154
2019_1,1000792,2722,1873,849,7,434,760,723,513,285,6,294,584,508,296,185,1,140,176,215,217,100
2019_1,1000791,1172,463,709,5,177,249,310,287,144,1,45,100,130,123,64,4,132,149,180,164,80
2019_1,1000790,1038,406,632,1,146,238,267,261,125,0,38,79,114,114,61,1,108,159,153,147,64
2019_1,1000789,987,435,552,4,95,222,277,288,101,2,27,75,126,143,62,2,68,147,151,145,39
2019_1,1000788,5000,2827,2173,25,779,1167,1090,1016,923,11,297,667,601,562,689,14,482,500,489,454,234
2019_1,1000787,1927,867,1060,2,262,359,454,504,346,1,59,164,199,217,227,1,203,195,255,287,119
2019_1,1000786,1191,449,742,3,160,239,326,295,168,1,53,89,97,111,98,2,107,150,229,184,70
2019_1,1000785,11990,6413,5577,39,2023,3543,3435,2054,896,15,770,1715,1883,1400,630,24,1253,1828,1552,654,266
2019_1,1000784,3516,2497,1019,4,445,735,938,888,506,3,261,507,724,626,376,1,184,228,214,262,130
2019_1,1000783,2460,1075,1385,8,378,498,601,515,460,3,130,237,269,216,220,5,248,261,332,299,240
2019_1,1000782,1959,846,1113,7,305,380,448,421,398,3,106,166,192,184,195,4,199,214,256,237,203
2019_1,1000781,8102,4145,3957,39,1321,1793,1858,1760,1331,10,527,882,943,949,834,29,794,911,915,811,497
2019_1,1000780,7339,4188,3151,28,1103,1781,1663,1767,997,9,535,1028,936,1053,627,19,568,753,727,714,370
2019_1,1000779,5224,2326,2898,6,1101,1445,1228,1021,423,3,279,539,625,596,284,3,822,906,603,425,139
2019_1,1000778,5343,2366,2977,6,1098,1459,1272,1061,447,3,273,535,636,622,297,3,825,924,636,439,150
2019_1,1000777,8201,4705,3496,26,1037,2503,2099,1678,858,9,464,1358,1265,1037,572,17,573,1145,834,641,286
2019_1,1000776,2937,1442,1495,1,426,588,693,776,453,0,227,285,332,374,224,1,199,303,361,402,229
2019_1,1000775,3313,1614,1699,4,495,666,809,827,512,1,265,327,377,389,255,3,230,339,432,438,257
2019_1,1000774,6852,3846,3006,24,1145,2055,1740,1208,680,7,498,1256,1045,637,403,17,647,799,695,571,277
2019_1,1000773,11134,5687,5447,88,1516,2622,2871,2554,1483,17,675,1476,1382,1297,840,71,841,1146,1489,1257,643
2019_1,1000772,8659,4341,4318,19,1434,2792,2250,1425,739,3,410,1401,1322,808,397,16,1024,1391,928,617,342
2019_1,1000771,8048,4140,3908,48,1054,1936,2125,1857,1028,16,526,1103,998,919,578,32,528,833,1127,938,450
2019_1,1000770,4322,2129,2193,14,502,802,975,1044,985,7,192,420,488,486,536,7,310,382,487,558,449
2019_1,1000769,984,430,554,0,125,203,264,266,126,0,42,84,112,115,77,0,83,119,152,151,49
2019_1,1000768,4775,2481,2294,8,1122,1217,1128,816,484,7,394,694,636,447,303,1,728,523,492,369,181
2019_1,1000767,2336,905,1431,15,299,448,602,585,387,6,111,179,242,204,163,9,188,269,360,381,224
2019_1,1000766,2198,827,1371,16,312,435,549,521,365,6,104,181,213,173,150,10,208,254,336,348,215
2019_1,1000765,5225,2325,2900,6,1087,1438,1251,1017,426,3,276,528,636,598,284,3,811,910,615,419,142
2019_1,1000764,2985,937,2048,5,794,868,643,457,218,3,175,249,224,185,101,2,619,619,419,272,117
2019_1,1000763,2905,909,1996,2,748,848,639,454,214,1,157,237,220,181,113,1,591,611,419,273,101
2019_1,1000762,2767,914,1853,3,735,803,580,438,208,1,153,228,205,208,119,2,582,575,375,230,89
2019_1,1000761,3077,1585,1492,14,382,737,821,705,418,5,153,345,410,408,264,9,229,392,411,297,154
2019_1,1000760,2666,1309,1357,10,358,644,708,625,321,4,129,277,324,350,225,6,229,367,384,275,96
2019_1,1000759,4437,2423,2014,6,712,1037,1138,982,562,2,283,506,657,621,354,4,429,531,481,361,208
2019_1,1000758,1753,852,901,6,339,381,439,349,239,2,150,179,216,179,126,4,189,202,223,170,113
2019_1,1000757,3144,1245,1899,15,458,593,743,757,578,6,171,274,286,270,238,9,287,319,457,487,340
2019_1,1000756,2137,1059,1078,4,247,414,467,454,551,2,97,184,220,204,352,2,150,230,247,250,199
2019_1,1000755,5738,3375,2363,11,913,1487,1554,1114,659,6,408,894,1007,670,390,5,505,593,547,444,269
2019_1,1000754,1432,692,740,4,197,303,361,377,190,2,71,121,168,195,135,2,126,182,193,182,55
2019_1,1000753,4611,2180,2431,25,643,936,1111,1008,888,12,215,468,544,441,500,13,428,468,567,567,388
2019_1,1000752,3337,1786,1551,6,466,781,925,715,444,1,179,434,522,368,282,5,287,347,403,347,162
2019_1,1000751,1543,670,873,3,95,244,329,410,462,1,41,107,135,157,229,2,54,137,194,253,233
2019_1,1000750,872,377,495,3,74,162,218,239,176,1,28,65,72,103,108,2,46,97,146,136,68
2019_1,1000749,2778,1429,1349,1,315,525,709,591,637,1,120,259,367,298,384,0,195,266,342,293,253
2019_1,1000748,2527,1311,1216,1,213,388,502,508,915,0,80,180,236,242,573,1,133,208,266,266,342
2019_1,1000747,2629,1295,1334,3,244,427,544,550,861,1,93,177,244,249,531,2,151,250,300,301,330
2019_1,1000746,1965,846,1119,15,283,393,464,471,339,7,113,201,204,173,148,8,170,192,260,298,191
2019_1,1000745,2545,1474,1071,17,358,601,604,639,326,7,168,374,379,381,165,10,190,227,225,258,161
2019_1,1000744,7920,4565,3355,26,980,2341,2053,1673,847,10,455,1265,1228,1039,568,16,525,1076,825,634,279
2019_1,1000743,6622,3687,2935,18,1152,1546,1651,1452,803,8,491,907,999,781,501,10,661,639,652,671,302
2019_1,1000742,3055,1457,1598,9,317,625,795,875,434,6,120,362,390,347,232,3,197,263,405,528,202
2019_1,1000741,4384,1729,2655,24,771,912,1012,1077,588,14,247,419,422,369,258,10,524,493,590,708,330
2019_1,1000740,1969,900,1069,19,280,401,485,484,300,11,97,188,224,217,163,8,183,213,261,267,137
2019_1,1000739,6906,3711,3195,13,1030,1669,1814,1337,1043,4,416,917,1043,717,614,9,614,752,771,620,429
2019_1,1000738,3084,1436,1648,20,407,715,780,728,434,7,162,354,372,317,224,13,245,361,408,411,210
2019_1,1000737,4436,2349,2087,46,563,1002,1066,1139,620,7,209,552,566,612,403,39,354,450,500,527,217
2019_1,1000736,6775,3779,2996,14,850,2148,1757,1400,606,5,395,1125,1002,862,390,9,455,1023,755,538,216
2019_1,1000735,1406,530,876,11,193,299,353,365,185,4,69,117,141,116,83,7,124,182,212,249,102
2019_1,1000734,2320,1020,1300,14,317,477,573,559,380,5,113,226,270,224,182,9,204,251,303,335,198
2019_1,1000733,2681,1073,1608,17,371,523,649,661,460,5,123,226,291,230,198,12,248,297,358,431,262
2019_1,1000732,2781,1404,1377,15,308,420,535,802,701,6,130,240,296,353,379,9,178,180,239,449,322
2019_1,1000731,3856,2022,1834,12,609,812,811,898,714,4,202,407,455,488,466,8,407,405,356,410,248
2019_1,1000730,4030,1961,2069,14,621,796,909,940,750,7,173,351,477,472,481,7,448,445,432,468,269
2019_1,1000729,2870,1399,1471,28,500,584,571,624,563,16,226,310,261,260,326,12,274,274,310,364,237
2019_1,1000728,7506,3614,3892,23,1108,1808,2012,1558,997,5,377,861,1010,768,593,18,731,947,1002,790,404
2019_1,1000727,8617,4214,4403,25,1179,1900,2113,1762,1638,6,443,975,1088,832,870,19,736,925,1025,930,768
2019_1,1000726,11000,5464,5536,26,1391,2468,2713,2463,1939,10,526,1172,1379,1304,1073,16,865,1296,1334,1159,866
2019_1,1000725,3359,1704,1655,5,629,799,780,630,516,1,207,371,438,337,350,4,422,428,342,293,166
2019_1,1000724,3342,1876,1466,5,352,613,723,929,720,4,170,367,405,476,454,1,182,246,318,453,266
2019_1,1000723,2791,1527,1264,38,433,627,678,690,325,4,163,371,394,378,217,34,270,256,284,312,108
2019_1,1000722,4563,2645,1918,47,615,913,978,977,1033,10,245,537,560,588,705,37,370,376,418,389,328
2019_1,1000721,14456,9236,5220,51,2430,4563,4441,2317,654,29,1187,2838,2993,1679,510,22,1243,1725,1448,638,144
2019_1,1000720,19202,12418,6784,62,3416,6488,5796,2716,724,23,1627,4320,4068,1862,518,39,1789,2168,1728,854,206
2019_1,1000719,33984,18252,15732,131,6192,11498,10084,4467,1612,49,2748,6446,5293,2562,1154,82,3444,5052,4791,1905,458
2019_1,1000718,2773,1300,1473,6,315,608,680,667,497,4,109,312,316,313,246,2,206,296,364,354,251
2019_1,1000717,1593,783,810,1,234,354,400,363,241,1,114,183,198,158,129,0,120,171,202,205,112
2019_1,1000716,2267,968,1299,3,248,480,553,564,419,2,80,230,243,245,168,1,168,250,310,319,251
2019_1,1000715,2369,1045,1324,2,237,530,584,605,411,1,76,234,272,254,208,1,161,296,312,351,203
2019_1,1000714,1730,767,963,9,245,320,421,426,309,4,94,151,173,178,167,5,151,169,248,248,142
2019_1,1000713,13989,7829,6160,74,2747,3421,3406,2638,1703,34,1272,2132,1894,1307,1190,40,1475,1289,1512,1331,513
2019_1,1000712,8231,5170,3061,37,1181,2088,2054,1599,1272,21,621,1422,1251,907,948,16,560,666,803,692,324
2019_1,1000711,21865,12921,8944,88,4613,5563,5173,3687,2741,36,2329,3577,2942,2030,2007,52,2284,1986,2231,1657,734
2019_1,1000710,30189,15693,14496,130,5492,10097,9239,3921,1310,52,2328,5441,4739,2215,918,78,3164,4656,4500,1706,392
2019_1,1000709,2528,932,1596,2,654,573,548,496,255,0,125,216,197,237,157,2,529,357,351,259,98
2019_1,1000708,2911,1494,1417,1,260,538,741,786,585,1,99,265,380,410,339,0,161,273,361,376,246
2019_1,1000707,2418,1261,1157,0,248,501,653,589,427,0,87,238,311,323,302,0,161,263,342,266,125
2019_1,1000706,2799,1400,1399,9,281,488,610,761,650,6,89,237,319,370,379,3,192,251,291,391,271
2019_1,1000705,1343,612,731,3,171,284,341,339,205,3,69,140,152,144,104,0,102,144,189,195,101
2019_1,1000704,1208,523,685,2,132,252,316,286,220,1,26,101,149,114,132,1,106,151,167,172,88
2019_1,1000703,5323,2158,3165,18,1000,1865,1119,762,559,9,237,528,556,450,378,9,763,1337,563,312,181
2019_1,1000702,14752,8688,6064,60,3572,4815,3397,1718,1190,36,1459,3128,2251,1043,771,24,2113,1687,1146,675,419
2019_1,1000701,1802,959,843,10,241,353,456,446,296,5,126,202,244,219,163,5,115,151,212,227,133
2019_1,1000700,9735,5971,3764,34,1825,2346,2352,2008,1170,10,884,1487,1506,1260,824,24,941,859,846,748,346
2019_1,1000699,1619,788,831,4,178,352,436,385,264,2,42,150,235,190,169,2,136,202,201,195,95
2019_1,1000698,3608,1358,2250,2,843,800,781,729,453,1,162,312,330,326,227,1,681,488,451,403,226
2019_1,1000697,3029,1257,1772,4,393,631,873,653,475,1,87,266,329,310,264,3,306,365,544,343,211
2019_1,1000696,4573,2911,1662,23,637,1210,1273,950,480,11,325,821,878,557,319,12,312,389,395,393,161
2019_1,1000695,5805,3457,2348,28,821,1439,1603,1230,684,15,401,929,1005,672,435,13,420,510,598,558,249
2019_1,1000694,14545,9584,4961,30,1972,3528,3480,3211,2324,17,1330,2690,2468,1787,1292,13,642,838,1012,1424,1032
2019_1,1000693,4339,2213,2126,2,468,884,1198,1101,686,2,165,451,600,560,435,0,303,433,598,541,251
2019_1,1000692,2540,1220,1320,9,277,504,669,639,442,5,87,239,317,315,257,4,190,265,352,324,185
2019_1,1000691,11671,7186,4485,59,1487,2120,2558,2719,2728,24,781,1448,1621,1538,1774,35,706,672,937,1181,954
2019_1,1000690,22555,11767,10788,138,5425,6516,5129,3322,2025,51,1968,3433,2702,2089,1524,87,3457,3083,2427,1233,501
2019_1,1000689,34091,14986,19105,202,7430,10220,8744,4951,2544,81,2604,4414,3372,2689,1826,121,4826,5806,5372,2262,718
2019_1,1000688,21931,11386,10545,107,3995,5327,4456,4531,3515,56,1569,2735,2412,2443,2171,51,2426,2592,2044,2088,1344
2019_1,1000687,11445,7706,3739,26,1400,2279,2397,2324,3019,18,620,1383,1602,1622,2461,8,780,896,795,702,558
2019_1,1000686,19805,9848,9957,170,4167,5462,4931,3024,2051,61,1646,2782,2499,1562,1298,109,2521,2680,2432,1462,753
2019_1,1000685,21754,10671,11083,119,4464,6326,5311,3319,2215,47,1651,2840,2753,1900,1480,72,2813,3486,2558,1419,735
2019_1,1000684,24252,11856,12396,121,5085,6945,5876,3800,2425,47,1892,3152,3031,2112,1622,74,3193,3793,2845,1688,803
2019_1,1000683,1670,762,908,4,158,373,421,428,286,3,43,139,206,193,178,1,115,234,215,235,108
2019_1,1000682,4127,2348,1779,11,437,757,992,1153,777,8,231,433,555,613,508,3,206,324,437,540,269
2019_1,1000681,2704,1039,1665,2,229,392,575,628,878,2,103,198,238,207,291,0,126,194,337,421,587
2019_1,1000680,5701,2428,3273,35,1197,1375,1077,943,1074,13,528,726,424,328,409,22,669,649,653,615,665
2019_1,1000679,7583,3376,4207,41,1365,1927,1470,1455,1325,15,575,908,593,707,578,26,790,1019,877,748,747
2019_1,1000678,3187,948,2239,4,425,453,574,756,975,3,103,178,196,179,289,1,322,275,378,577,686
2019_1,1000677,7697,4550,3147,5,666,1342,2385,2250,1049,1,335,822,1322,1281,789,4,331,520,1063,969,260
2019_1,1000676,8190,5143,3047,7,649,1320,2497,2486,1231,0,355,845,1459,1518,966,7,294,475,1038,968,265
2019_1,1000675,3354,1752,1602,5,436,653,818,899,543,3,227,377,417,429,299,2,209,276,401,470,244
2019_1,1000674,3660,1914,1746,6,414,745,921,968,606,4,148,372,479,513,398,2,266,373,442,455,208
2019_1,1000673,5546,3244,2302,8,755,1143,1274,1457,909,5,383,712,724,811,609,3,372,431,550,646,300
2019_1,1000672,3589,1923,1666,13,500,742,893,932,509,6,232,379,481,486,339,7,268,363,412,446,170
2019_1,1000671,4216,2269,1947,26,546,802,1066,1099,677,10,246,440,563,565,445,16,300,362,503,534,232
2019_1,1000670,73061,45471,27590,366,17322,23192,17466,9259,5456,186,8056,15201,12272,5976,3780,180,9266,7991,5194,3283,1676
2019_1,1000669,11239,7660,3579,43,1392,2685,2890,2774,1455,20,845,1918,1955,1811,1111,23,547,767,935,963,344
2019_1,1000668,34744,23080,11664,173,5771,9567,9071,6507,3655,98,3177,6726,6250,4211,2618,75,2594,2841,2821,2296,1037
2019_1,1000667,4161,2650,1511,3,300,628,743,843,1644,2,109,300,374,414,1451,1,191,328,369,429,193
2019_1,1000666,1509,703,806,4,185,272,395,428,225,2,79,142,166,187,127,2,106,130,229,241,98
2019_1,1000665,1200,445,755,2,131,204,336,340,187,1,39,73,103,121,108,1,92,131,233,219,79
2019_1,1000664,1657,672,985,2,170,244,443,478,320,0,52,100,150,175,195,2,118,144,293,303,125
2019_1,1000663,1453,523,930,2,141,227,386,430,267,1,31,69,115,159,148,1,110,158,271,271,119
2019_1,1000662,499,164,335,0,33,109,146,156,55,0,9,39,34,50,32,0,24,70,112,106,23
2019_1,1000661,1008,368,640,0,95,197,287,307,122,0,30,74,89,106,69,0,65,123,198,201,53
2019_1,1000660,5093,3346,1747,3,430,921,975,1080,1684,2,202,522,549,599,1472,1,228,399,426,481,212
2019_1,1000659,5498,3316,2182,20,890,1342,1374,1102,770,12,449,828,890,626,511,8,441,514,484,476,259
2019_1,1000658,2422,1212,1210,8,193,397,657,785,382,3,61,158,313,437,240,5,132,239,344,348,142
2019_1,1000657,418,194,224,1,43,66,119,100,89,0,18,33,52,45,46,1,25,33,67,55,43
2019_1,1000656,2701,1234,1467,8,366,517,692,709,409,5,141,257,338,293,200,3,225,260,354,416,209
2019_1,1000655,18750,12558,6192,46,3608,5860,4832,3109,1295,25,2266,4094,3235,1940,998,21,1342,1766,1597,1169,297
2019_1,1000654,43301,29212,14089,191,8314,12729,11168,7142,3757,108,4833,9104,7801,4658,2708,83,3481,3625,3367,2484,1049
2019_1,1000653,4511,2593,1918,11,535,836,1086,1134,909,5,230,467,601,601,689,6,305,369,485,533,220
2019_1,1000652,1374,661,713,3,146,252,343,361,269,0,65,126,140,172,158,3,81,126,203,189,111
2019_1,1000651,8893,5338,3555,31,1665,2435,2206,1616,940,16,781,1564,1408,968,601,15,884,871,798,648,339
2019_1,1000650,3182,1370,1812,12,337,516,770,897,650,7,108,215,287,342,411,5,229,301,483,555,239
2019_1,1000649,2789,1756,1033,7,280,539,670,760,533,7,156,308,404,499,382,0,124,231,266,261,151
2019_1,1000648,7253,3334,3919,24,1403,2510,1638,1072,606,10,473,969,907,594,381,14,930,1541,731,478,225
2019_1,1000647,2231,1584,647,7,257,464,472,601,430,7,140,298,308,440,391,0,117,166,164,161,39
2019_1,1000646,1558,1058,500,1,141,267,395,407,347,0,72,154,266,290,276,1,69,113,129,117,71
2019_1,1000645,1723,935,788,2,146,349,446,497,283,1,49,179,243,272,191,1,97,170,203,225,92
2019_1,1000644,44001,26720,17281,153,10019,15944,10652,4670,2563,86,4517,10506,6976,2819,1816,67,5502,5438,3676,1851,747
2019_1,1000643,46190,28360,17830,155,10421,16521,11026,5086,2981,89,4757,10929,7382,3095,2108,66,5664,5592,3644,1991,873
2019_1,1000642,40121,24051,16070,263,8530,11676,9358,6598,3696,163,4173,7900,6355,3271,2189,100,4357,3776,3003,3327,1507
2019_1,1000641,11464,6808,4656,38,2272,3287,2843,1899,1125,22,1041,2064,1810,1136,735,16,1231,1223,1033,763,390
2019_1,1000640,11359,5384,5975,151,2094,2409,2409,2735,1561,101,1137,1555,1310,759,522,50,957,854,1099,1976,1039
2019_1,1000639,2053,1021,1032,6,263,355,550,509,370,4,99,164,254,259,241,2,164,191,296,250,129
2019_1,1000638,3908,2177,1731,10,421,768,1050,1046,613,9,143,355,548,681,441,1,278,413,502,365,172
2019_1,1000637,2343,1233,1110,1,210,375,617,717,423,0,57,141,289,440,306,1,153,234,328,277,117
2019_1,1000636,10057,6601,3456,21,1001,2110,2677,2549,1699,17,551,1352,1684,1723,1274,4,450,758,993,826,425
2019_1,1000635,5179,2864,2315,23,731,1074,1285,1262,804,19,309,595,727,701,513,4,422,479,558,561,291
2019_1,1000634,15388,10099,5289,43,2210,3711,3643,3437,2344,29,1416,2733,2513,1990,1418,14,794,978,1130,1447,926
2019_1,1000633,8154,3667,4487,12,1512,2248,1780,1790,812,10,398,951,836,1033,439,2,1114,1297,944,757,373
2019_1,1000632,2198,878,1320,4,261,417,596,526,394,3,77,180,227,199,192,1,184,237,369,327,202
2019_1,1000631,19295,12940,6355,62,4352,6276,4802,2638,1165,36,2380,4322,3552,1803,847,26,1972,1954,1250,835,318
2019_1,1000630,4859,2309,2550,22,604,1052,1108,1244,829,20,250,450,485,667,437,2,354,602,623,577,392
2019_1,1000629,3852,1157,2695,1,1062,1111,711,634,333,0,199,355,260,191,152,1,863,756,451,443,181
2019_1,1000628,7125,3097,4028,4,1383,2013,1467,1562,696,2,359,822,679,873,362,2,1024,1191,788,689,334
2019_1,1000627,7572,3327,4245,8,1441,2097,1651,1635,740,6,364,849,717,943,448,2,1077,1248,934,692,292
2019_1,1000626,18927,12698,6229,62,4348,6236,4720,2497,1064,35,2377,4311,3495,1692,788,27,1971,1925,1225,805,276
2019_1,1000625,9060,4430,4630,27,1574,2805,2080,1640,934,11,545,1121,1175,966,612,16,1029,1684,905,674,322
2019_1,1000624,2922,1661,1261,3,241,478,769,835,596,1,125,260,410,472,393,2,116,218,359,363,203
2019_1,1000623,1205,461,744,4,113,227,345,376,140,4,31,80,104,162,80,0,82,147,241,214,60
2019_1,1000622,1223,489,734,2,116,228,333,391,153,2,40,89,106,169,83,0,76,139,227,222,70
2019_1,1000621,1453,487,966,3,190,250,350,435,225,2,51,104,101,130,99,1,139,146,249,305,126
2019_1,1000620,4608,2738,1870,7,530,843,1088,1109,1031,3,222,483,647,638,745,4,308,360,441,471,286
2019_1,1000619,2407,1170,1237,10,235,392,669,656,445,8,101,196,300,299,266,2,134,196,369,357,179
2019_1,1000618,1433,621,812,4,110,216,409,451,243,4,43,103,164,186,121,0,67,113,245,265,122
2019_1,1000617,2475,1504,971,5,285,456,613,643,473,3,125,257,368,390,361,2,160,199,245,253,112
2019_1,1000616,4709,2543,2166,2,153,273,416,744,3121,1,46,113,150,314,1919,1,107,160,266,430,1202
2019_1,1000615,5376,2739,2637,3,264,391,616,875,3227,0,61,139,226,366,1947,3,203,252,390,509,1280
2019_1,1000614,4807,2723,2084,15,529,932,1305,1312,714,9,245,531,703,757,478,6,284,401,602,555,236
2019_1,1000613,2166,977,1189,8,273,380,590,533,382,4,89,143,248,246,247,4,184,237,342,287,135
2019_1,1000612,877,452,425,1,86,214,243,211,122,1,33,141,122,89,66,0,53,73,121,122,56
2019_1,1000611,2184,978,1206,8,304,369,523,581,399,4,91,136,224,272,251,4,213,233,299,309,148
2019_1,1000610,1249,451,798,2,175,229,309,344,190,0,38,77,111,130,95,2,137,152,198,214,95
2019_1,1000609,5057,2646,2411,4,205,339,495,826,3188,1,54,133,182,337,1939,3,151,206,313,489,1249
2019_1,1000608,35534,15198,20336,213,4604,7886,10274,10470,2087,132,2545,5108,4112,2140,1161,81,2059,2778,6162,8330,926
2019_1,1000607,14558,8259,6299,50,1999,3048,3261,4105,2095,31,1122,1892,2014,2074,1126,19,877,1156,1247,2031,969
2019_1,1000606,6307,3720,2587,7,613,1456,1564,1728,939,5,278,785,918,1116,618,2,335,671,646,612,321
2019_1,1000605,4101,1584,2517,12,694,879,949,888,679,3,164,372,384,342,319,9,530,507,565,546,360
2019_1,1000604,2982,1424,1558,12,355,580,772,811,452,7,127,277,359,374,280,5,228,303,413,437,172
2019_1,1000603,1958,914,1044,9,241,365,516,533,294,5,90,167,215,254,183,4,151,198,301,279,111
2019_1,1000602,3509,1831,1678,8,475,845,907,791,483,1,147,404,494,447,338,7,328,441,413,344,145
2019_1,1000601,830,208,622,2,117,173,245,181,112,0,17,39,66,43,43,2,100,134,179,138,69
2019_1,1000600,2654,1529,1125,3,210,462,631,738,610,2,71,241,362,440,413,1,139,221,269,298,197
2019_1,1000599,2006,1134,872,3,191,332,455,646,379,2,98,192,278,353,211,1,93,140,177,293,168
2019_1,1000598,2451,962,1489,7,382,546,615,609,292,6,82,206,228,271,169,1,300,340,387,338,123
2019_1,1000597,4584,2971,1613,15,601,1203,1052,939,774,12,301,763,690,615,590,3,300,440,362,324,184
2019_1,1000596,2748,1469,1279,3,290,602,677,708,468,3,99,260,313,419,375,0,191,342,364,289,93
2019_1,1000595,6966,3821,3145,26,802,1465,1647,1953,1073,14,410,824,979,895,699,12,392,641,668,1058,374
2019_1,1000594,7874,4101,3773,53,1865,1968,1891,1207,890,35,694,1151,1095,678,448,18,1171,817,796,529,442
2019_1,1000593,3652,1779,1873,9,478,865,902,840,558,3,186,455,457,379,299,6,292,410,445,461,259
2019_1,1000592,3730,1789,1941,7,423,713,913,956,718,1,187,398,471,382,350,6,236,315,442,574,368
2019_1,1000591,4034,2009,2025,7,441,781,1025,1051,729,0,198,419,499,471,422,7,243,362,526,580,307
2019_1,1000590,3479,2171,1308,6,326,707,1095,880,465,1,164,462,702,523,319,5,162,245,393,357,146
2019_1,1000589,2587,1383,1204,7,338,545,665,599,433,0,113,264,375,331,300,7,225,281,290,268,133
2019_1,1000588,2451,1147,1304,3,260,472,572,621,523,3,105,230,278,252,279,0,155,242,294,369,244
2019_1,1000587,4290,2307,1983,12,595,994,1014,916,759,9,221,556,587,492,442,3,374,438,427,424,317
2019_1,1000586,3334,1622,1712,9,437,724,772,734,658,6,152,355,396,351,362,3,285,369,376,383,296
2019_1,1000585,1626,667,959,7,199,320,449,438,213,5,49,121,192,179,121,2,150,199,257,259,92
2019_1,1000584,1795,744,1051,1,184,348,511,499,252,1,64,161,192,183,143,0,120,187,319,316,109
2019_1,1000583,2517,1644,873,2,225,490,710,664,426,0,102,294,469,444,335,2,123,196,241,220,91
2019_1,1000582,2193,771,1422,8,324,504,598,454,305,2,76,191,225,147,130,6,248,313,373,307,175
2019_1,1000581,2892,1525,1367,8,346,604,736,770,428,6,161,368,410,345,235,2,185,236,326,425,193
2019_1,1000580,3249,1946,1303,8,356,597,767,868,653,1,136,309,454,543,503,7,220,288,313,325,150
2019_1,1000579,5631,3083,2548,12,816,1335,1292,1126,1050,8,301,695,744,666,669,4,515,640,548,460,381
2019_1,1000578,6315,3404,2911,12,811,1512,1651,1408,921,5,276,762,1011,810,540,7,535,750,640,598,381
2019_1,1000577,5653,3160,2493,16,821,1405,1289,1125,997,12,326,754,757,681,630,4,495,651,532,444,367
2019_1,1000576,16672,9772,6900,114,3640,4723,4057,2651,1487,72,1482,2841,2688,1714,975,42,2158,1882,1369,937,512
2019_1,1000575,5217,2421,2796,23,720,1081,1141,1192,1060,12,268,568,623,502,448,11,452,513,518,690,612
2019_1,1000574,5875,2921,2954,70,1186,1315,1299,1098,907,32,520,710,711,482,466,38,666,605,588,616,441
2019_1,1000573,3422,1485,1937,10,447,718,821,814,612,6,135,330,387,308,319,4,312,388,434,506,293
2019_1,1000572,1015,410,605,0,124,215,292,274,110,0,28,85,104,122,71,0,96,130,188,152,39
2019_1,1000571,1245,464,781,1,138,266,368,344,128,1,33,109,121,118,82,0,105,157,247,226,46
2019_1,1000570,1945,720,1225,4,232,364,459,538,348,2,90,180,170,139,139,2,142,184,289,399,209
2019_1,1000569,2681,957,1724,11,333,481,662,715,479,6,107,215,247,179,203,5,226,266,415,536,276
2019_1,1000568,40321,23200,17121,32,7837,12837,10958,7184,1473,15,2332,5989,7235,6332,1297,17,5505,6848,3723,852,176
2019_1,1000567,39856,22883,16973,34,7855,12826,10856,6969,1316,15,2322,5963,7177,6222,1184,19,5533,6863,3679,747,132
2019_1,1000566,3851,1897,1954,14,550,887,879,915,606,8,234,486,430,397,342,6,316,401,449,518,264
2019_1,1000565,2754,1453,1301,6,402,702,703,615,326,2,181,401,355,286,228,4,221,301,348,329,98
2019_1,1000564,2865,1760,1105,9,273,536,668,864,515,6,156,336,414,505,343,3,117,200,254,359,172
2019_1,1000563,2721,1393,1328,12,366,538,580,717,508,7,163,299,294,334,296,5,203,239,286,383,212
2019_1,1000562,3113,1099,2014,8,473,754,774,803,301,3,86,264,248,322,176,5,387,490,526,481,125
2019_1,1000561,3332,1134,2198,11,482,770,871,847,351,5,91,272,269,314,183,6,391,498,602,533,168
2019_1,1000560,2508,978,1530,5,376,478,574,655,420,1,91,187,223,269,207,4,285,291,351,386,213
2019_1,1000559,2116,730,1386,5,307,425,516,586,277,0,72,159,183,192,124,5,235,266,333,394,153
2019_1,1000558,2936,1250,1686,14,473,602,701,646,500,6,124,266,309,274,271,8,349,336,392,372,229
2019_1,1000557,3641,1463,2178,17,559,820,940,782,523,7,134,352,415,302,253,10,425,468,525,480,270
2019_1,1000556,1685,602,1083,6,210,317,439,449,264,3,70,137,154,124,114,3,140,180,285,325,150
2019_1,1000555,1768,653,1115,8,243,338,447,450,282,4,79,135,176,133,126,4,164,203,271,317,156
2019_1,1000554,3170,1523,1647,17,362,567,771,892,561,10,139,263,379,411,321,7,223,304,392,481,240
2019_1,1000553,1833,749,1084,6,197,393,501,444,292,4,66,165,211,169,134,2,131,228,290,275,158
2019_1,1000552,2437,1210,1227,9,220,438,638,687,445,5,84,207,320,354,240,4,136,231,318,333,205
2019_1,1000551,3083,1658,1425,0,282,492,629,638,1042,0,82,188,236,249,903,0,200,304,393,389,139
2019_1,1000550,1504,506,998,0,201,323,431,397,152,0,49,95,128,145,89,0,152,228,303,252,63
2019_1,1000549,1897,1188,709,2,97,209,431,673,485,1,29,100,233,450,375,1,68,109,198,223,110
2019_1,1000548,2824,1420,1404,3,308,566,658,829,460,1,157,317,310,374,261,2,151,249,348,455,199
2019_1,1000547,2203,1035,1168,3,186,399,559,631,425,1,78,176,211,300,269,2,108,223,348,331,156
2019_1,1000546,2188,936,1252,8,283,422,579,564,332,4,107,210,242,197,176,4,176,212,337,367,156
2019_1,1000545,2314,1037,1277,5,276,424,605,594,410,2,87,186,249,274,239,3,189,238,356,320,171
2019_1,1000544,2431,1116,1315,10,347,457,578,589,450,1,144,246,264,254,207,9,203,211,314,335,243
2019_1,1000543,3963,2005,1958,12,437,821,1054,951,688,1,165,400,546,474,419,11,272,421,508,477,269
2019_1,1000542,1994,859,1135,4,210,398,535,549,298,2,86,198,226,185,162,2,124,200,309,364,136
2019_1,1000541,3745,1691,2054,18,459,735,870,968,695,7,169,374,392,416,333,11,290,361,478,552,362
2019_1,1000540,2810,1225,1585,9,346,559,651,730,515,1,134,287,279,290,234,8,212,272,372,440,281
2019_1,1000539,2734,1594,1140,2,207,452,657,828,588,0,105,250,324,480,435,2,102,202,333,348,153
2019_1,1000538,3112,2075,1037,6,216,436,672,1021,761,3,111,261,370,683,647,3,105,175,302,338,114
2019_1,1000537,3399,1586,1813,13,381,669,822,893,621,8,152,327,372,416,311,5,229,342,450,477,310
2019_1,1000536,3228,1713,1515,5,399,707,733,856,528,3,197,399,385,427,302,2,202,308,348,429,226
2019_1,1000535,1490,666,824,2,182,264,393,393,256,2,61,128,154,170,151,0,121,136,239,223,105
2019_1,1000534,3102,1818,1284,8,226,422,680,989,777,5,86,227,317,582,601,3,140,195,363,407,176
2019_1,1000533,3332,1349,1983,13,596,741,820,719,443,3,166,321,328,271,260,10,430,420,492,448,183
2019_1,1000532,3233,1670,1563,38,597,834,733,678,353,32,330,465,338,312,193,6,267,369,395,366,160
2019_1,1000531,1889,839,1050,3,262,364,499,428,333,1,84,157,211,186,200,2,178,207,288,242,133
2019_1,1000530,2456,1071,1385,5,334,513,585,558,461,3,91,215,273,224,265,2,243,298,312,334,196
2019_1,1000529,2513,1195,1318,4,268,447,617,652,525,4,114,218,294,269,296,0,154,229,323,383,229
2019_1,1000528,2966,1375,1591,12,463,715,740,671,365,6,148,332,371,308,210,6,315,383,369,363,155
2019_1,1000527,3014,1697,1317,5,314,681,915,664,435,2,110,356,570,394,265,3,204,325,345,270,170
2019_1,1000526,1719,711,1008,2,180,366,468,474,229,1,79,150,146,195,140,1,101,216,322,279,89
2019_1,1000525,1397,532,865,2,144,309,403,367,172,2,48,103,134,126,119,0,96,206,269,241,53
2019_1,1000524,1571,1007,564,3,238,550,453,208,119,1,94,354,311,155,92,2,144,196,142,53,27
2019_1,1000523,1769,801,968,2,185,381,466,467,268,1,75,177,179,206,163,1,110,204,287,261,105
2019_1,1000522,5490,2511,2979,17,756,1165,1419,1289,844,5,250,530,710,578,438,12,506,635,709,711,406
2019_1,1000521,5437,2412,3025,18,788,1153,1354,1253,871,8,217,482,650,544,511,10,571,671,704,709,360
2019_1,1000520,2359,946,1413,11,266,532,627,636,287,6,79,185,241,284,151,5,187,347,386,352,136
2019_1,1000519,7956,3930,4026,56,1617,2166,1798,1459,860,39,655,1097,913,728,498,17,962,1069,885,731,362
2019_1,1000518,1098,547,551,2,107,229,304,305,151,1,41,119,125,153,108,1,66,110,179,152,43
2019_1,1000517,3013,2188,825,3,163,356,664,952,875,1,68,201,442,692,784,2,95,155,222,260,91
2019_1,1000516,2667,1501,1166,7,233,367,594,647,819,5,83,192,247,304,670,2,150,175,347,343,149
2019_1,1000515,3324,2288,1036,2,182,344,712,1164,920,2,76,203,412,848,747,0,106,141,300,316,173
2019_1,1000514,1624,722,902,3,151,292,452,465,261,2,64,133,183,210,130,1,87,159,269,255,131
2019_1,1000513,3235,2092,1143,1,203,403,612,717,1299,0,64,170,294,421,1143,1,139,233,318,296,156
2019_1,1000512,3650,2102,1548,6,316,562,778,818,1170,4,113,250,333,389,1013,2,203,312,445,429,157
2019_1,1000511,3869,2214,1655,4,304,578,811,890,1282,3,108,267,352,424,1060,1,196,311,459,466,222
2019_1,1000510,2731,1397,1334,3,209,446,744,838,491,2,90,215,365,442,283,1,119,231,379,396,208
2019_1,1000509,2485,1551,934,3,205,362,617,792,506,3,103,219,371,511,344,0,102,143,246,281,162
2019_1,1000508,2927,1737,1190,6,266,481,705,904,565,4,131,291,406,536,369,2,135,190,299,368,196
2019_1,1000507,1562,927,635,1,102,208,354,474,423,0,32,94,183,296,322,1,70,114,171,178,101
2019_1,1000506,4712,2204,2508,18,910,1121,1267,986,410,5,307,501,576,563,252,13,603,620,691,423,158
2019_1,1000505,19313,11467,7846,98,3293,4734,4536,3836,2816,37,1521,2936,2983,2167,1823,61,1772,1798,1553,1669,993
2019_1,1000504,15904,8137,7767,74,3860,4570,3398,1871,2131,19,1440,2511,2139,1064,964,55,2420,2059,1259,807,1167
2019_1,1000503,7140,3910,3230,28,1650,2224,1722,940,576,10,674,1251,1117,514,344,18,976,973,605,426,232
2019_1,1000502,8254,3407,4847,11,818,1382,1613,2471,1959,5,290,552,819,986,755,6,528,830,794,1485,1204
2019_1,1000501,2313,1250,1063,0,334,539,628,512,300,0,165,303,331,245,206,0,169,236,297,267,94
2019_1,1000500,7247,3898,3349,41,1445,1710,1630,1286,1135,23,613,916,904,587,855,18,832,794,726,699,280
2019_1,1000499,8954,4663,4291,39,1794,2262,2050,1527,1282,21,730,1177,1132,697,906,18,1064,1085,918,830,376
2019_1,1000498,6592,3155,3437,41,1519,1696,1534,1172,630,21,636,886,816,461,335,20,883,810,718,711,295
2019_1,1000497,12090,5773,6317,65,2622,3086,2499,1774,2044,30,1110,1625,1444,755,809,35,1512,1461,1055,1019,1235
2019_1,1000496,6207,3604,2603,42,1940,1896,1245,704,380,31,855,1155,827,485,251,11,1085,741,418,219,129
2019_1,1000495,9758,5155,4603,61,2379,2608,2484,1672,554,17,1173,1611,1326,729,299,44,1206,997,1158,943,255
2019_1,1000494,7546,4678,2868,43,1934,2032,1600,1126,811,15,893,1288,1117,785,580,28,1041,744,483,341,231
2019_1,1000493,10152,5309,4843,46,2417,3425,2572,1222,470,12,773,1758,1612,837,317,34,1644,1667,960,385,153
2019_1,1000492,9172,4769,4403,33,2148,3105,2355,1003,528,9,722,1601,1469,627,341,24,1426,1504,886,376,187
2019_1,1000491,15439,7711,7728,89,3931,4402,3170,1757,2090,28,1423,2420,1968,958,914,61,2508,1982,1202,799,1176
2019_1,1000490,1656,629,1027,10,267,466,434,287,192,1,54,144,167,132,131,9,213,322,267,155,61
2019_1,1000489,1065,385,680,8,164,295,282,193,123,1,35,95,94,80,80,7,129,200,188,113,43
2019_1,1000488,9488,4764,4724,53,2142,2243,2380,1785,885,28,1037,1279,1216,743,461,25,1105,964,1164,1042,424
2019_1,1000487,11314,7256,4058,102,1923,3223,2878,2024,1164,41,1070,2047,2034,1266,798,61,853,1176,844,758,366
2019_1,1000486,6219,4024,2195,7,744,1427,1596,1487,958,3,462,913,1096,888,662,4,282,514,500,599,296
2019_1,1000485,6176,3478,2698,39,1420,1775,1477,982,483,21,526,1002,939,658,332,18,894,773,538,324,151
2019_1,1000484,8114,3885,4229,22,963,1447,1649,2144,1889,13,370,793,1008,884,817,9,593,654,641,1260,1072
2019_1,1000483,3803,2062,1741,21,1059,1143,801,471,308,13,504,664,470,235,176,8,555,479,331,236,132
2019_1,1000482,7594,4150,3444,44,1378,1600,1765,1510,1297,30,591,849,970,741,969,14,787,751,795,769,328
2019_1,1000481,6590,4122,2468,19,996,1487,1413,1115,1560,10,406,835,851,678,1342,9,590,652,562,437,218
2019_1,1000480,16851,10466,6385,122,3104,4877,4231,2771,1746,50,1528,3139,2933,1671,1145,72,1576,1738,1298,1100,601
2019_1,1000479,4032,2245,1787,9,569,785,980,951,738,4,223,425,571,535,487,5,346,360,409,416,251
2019_1,1000478,3546,2261,1285,10,389,549,686,758,1154,5,116,276,387,483,994,5,273,273,299,275,160
2019_1,1000477,17750,9941,7809,40,4343,6110,4701,1801,755,22,1597,3412,3218,1166,526,18,2746,2698,1483,635,229
2019_1,1000476,2820,1480,1340,2,433,694,741,575,375,0,190,382,407,274,227,2,243,312,334,301,148
2019_1,1000475,6720,3775,2945,36,1183,1335,1504,1400,1262,27,537,751,835,683,942,9,646,584,669,717,320
2019_1,1000474,13649,7519,6130,37,2291,3577,3254,3098,1392,8,1011,2121,1960,1680,739,29,1280,1456,1294,1418,653
2019_1,1000473,18376,10766,7610,86,3162,4348,4181,3765,2834,31,1427,2602,2774,2116,1816,55,1735,1746,1407,1649,1018
2019_1,1000472,8436,4406,4030,28,1613,2481,2129,1365,820,6,752,1373,1109,731,435,22,861,1108,1020,634,385
2019_1,1000471,20035,11048,8987,90,3890,5635,4853,4055,1512,29,1575,3316,2944,2238,946,61,2315,2319,1909,1817,566
2019_1,1000470,6660,3556,3104,33,1570,1920,1641,985,511,13,716,1090,939,477,321,20,854,830,702,508,190
2019_1,1000469,13228,6293,6935,84,3746,3907,2699,1680,1112,43,1267,2042,1583,802,556,41,2479,1865,1116,878,556
2019_1,1000468,12470,6412,6058,53,2810,3551,2835,2024,1197,24,1006,1905,1751,1104,622,29,1804,1646,1084,920,575
2019_1,1000467,14225,7970,6255,32,2722,3767,3104,2277,2323,14,959,2000,1998,1334,1665,18,1763,1767,1106,943,658
2019_1,1000466,15639,8061,7578,53,3067,4095,3353,2359,2712,18,1094,2112,2042,1350,1445,35,1973,1983,1311,1009,1267
2019_1,1000465,6944,3785,3159,42,2087,2108,1441,843,423,19,825,1214,905,552,270,23,1262,894,536,291,153
2019_1,1000464,4840,2656,2184,10,643,1239,1348,915,685,0,270,678,759,501,448,10,373,561,589,414,237
2019_1,1000463,5337,2619,2718,23,917,1100,1122,932,1243,6,293,495,677,542,606,17,624,605,445,390,637
2019_1,1000462,31337,18021,13316,156,5897,7740,7519,6480,3545,65,2831,4735,4742,3397,2251,91,3066,3005,2777,3083,1294
2019_1,1000461,21909,12497,9412,127,4157,4976,5077,4989,2583,54,2155,3070,3114,2472,1632,73,2002,1906,1963,2517,951
2019_1,1000460,1769,715,1054,13,321,470,428,313,224,3,85,172,177,147,131,10,236,298,251,166,93
2019_1,1000459,6556,3160,3396,32,1167,1772,1500,1294,791,11,373,804,797,710,465,21,794,968,703,584,326
2019_1,1000458,4449,2444,2005,8,585,1111,1232,988,525,1,228,520,706,622,367,7,357,591,526,366,158
2019_1,1000457,1237,532,705,1,156,240,321,347,172,0,38,99,149,160,86,1,118,141,172,187,86
2019_1,1000456,1461,789,672,0,128,229,343,472,289,0,49,122,181,265,172,0,79,107,162,207,117
2019_1,1000455,2092,762,1330,10,338,496,539,440,269,5,100,181,184,169,123,5,238,315,355,271,146
2019_1,1000454,2084,773,1311,5,310,450,535,476,308,3,77,166,185,178,164,2,233,284,350,298,144
2019_1,1000453,1390,631,759,5,184,297,370,364,170,2,75,111,152,181,110,3,109,186,218,183,60
2019_1,1000452,59195,33776,25419,115,10118,19199,16732,10629,2402,23,3796,10356,9994,7949,1658,92,6322,8843,6738,2680,744
2019_1,1000451,22633,13565,9068,39,3903,7062,5763,3855,2011,16,1738,4128,3787,2499,1397,23,2165,2934,1976,1356,614
2019_1,1000450,1991,1067,924,2,234,357,480,593,325,1,88,183,259,329,207,1,146,174,221,264,118
2019_1,1000449,2934,1333,1601,8,293,516,760,799,558,3,91,202,306,389,342,5,202,314,454,410,216
2019_1,1000448,1276,495,781,5,155,273,397,302,144,3,44,98,135,125,90,2,111,175,262,177,54
2019_1,1000447,1927,893,1034,4,281,466,486,472,218,2,98,219,227,214,133,2,183,247,259,258,85
2019_1,1000446,2762,1312,1450,11,330,535,727,721,438,5,127,265,356,328,231,6,203,270,371,393,207
2019_1,1000445,14872,5908,8964,9,3827,4624,3401,2223,788,3,994,1590,1402,1333,586,6,2833,3034,1999,890,202
2019_1,1000444,7562,4672,2890,11,1458,2295,1580,1244,974,2,798,1354,1042,780,696,9,660,941,538,464,278
2019_1,1000443,3128,2132,996,8,192,377,575,859,1117,6,69,184,317,582,974,2,123,193,258,277,143
2019_1,1000442,2353,891,1462,10,349,502,622,532,338,5,106,172,210,221,177,5,243,330,412,311,161
2019_1,1000441,2195,813,1382,6,302,404,572,554,357,4,75,144,195,201,194,2,227,260,377,353,163
2019_1,1000440,2205,876,1329,7,254,398,539,507,500,3,85,150,179,204,255,4,169,248,360,303,245
2019_1,1000439,7975,4956,3019,10,1520,2355,1727,1362,1001,2,823,1422,1149,844,716,8,697,933,578,518,285
2019_1,1000438,2144,1047,1097,12,345,469,548,489,281,5,96,201,278,285,182,7,249,268,270,204,99
2019_1,1000437,2438,1275,1163,7,371,511,575,641,333,4,146,244,282,361,238,3,225,267,293,280,95
2019_1,1000436,3344,1644,1700,7,463,771,889,802,412,3,163,348,446,434,250,4,300,423,443,368,162
2019_1,1000435,1546,819,727,3,217,307,412,377,230,1,69,145,224,214,166,2,148,162,188,163,64
2019_1,1000434,2300,1049,1251,10,376,512,609,541,252,5,151,243,239,264,147,5,225,269,370,277,105
2019_1,1000433,2025,868,1157,9,341,415,520,461,279,2,127,193,194,202,150,7,214,222,326,259,129
2019_1,1000432,2128,853,1275,14,309,406,548,501,350,5,86,162,218,197,185,9,223,244,330,304,165
2019_1,1000431,2391,912,1479,9,304,469,618,600,391,2,113,199,243,189,166,7,191,270,375,411,225
2019_1,1000430,3828,1866,1962,13,470,706,901,933,805,6,160,368,461,427,444,7,310,338,440,506,361
2019_1,1000429,5253,2218,3035,14,836,1329,1333,1125,616,7,280,555,617,463,296,7,556,774,716,662,320
2019_1,1000428,2846,1634,1212,12,339,510,584,660,741,5,76,207,299,411,636,7,263,303,285,249,105
2019_1,1000427,1371,740,631,1,152,273,371,339,235,1,62,126,197,188,166,0,90,147,174,151,69
2019_1,1000426,1473,781,692,4,163,295,386,373,252,3,67,143,190,206,172,1,96,152,196,167,80
2019_1,1000425,2315,1028,1287,3,293,448,554,597,420,3,92,208,252,260,213,0,201,240,302,337,207
2019_1,1000424,2202,1064,1138,4,259,371,471,535,562,2,104,177,225,261,295,2,155,194,246,274,267
2019_1,1000423,1752,902,850,1,144,263,394,446,504,0,60,127,196,238,281,1,84,136,198,208,223
2019_1,1000422,1878,935,943,3,160,278,428,476,533,1,71,138,228,230,267,2,89,140,200,246,266
2019_1,1000421,2396,1029,1367,14,335,507,640,532,368,6,122,235,277,203,186,8,213,272,363,329,182
2019_1,1000420,1782,817,965,3,246,356,426,461,290,1,98,136,168,234,180,2,148,220,258,227,110
2019_1,1000419,1669,693,976,4,230,329,463,410,233,2,84,140,178,170,119,2,146,189,285,240,114
2019_1,1000418,2333,1040,1293,5,299,435,557,581,456,2,114,184,227,257,256,3,185,251,330,324,200
2019_1,1000417,1786,712,1074,4,199,342,487,475,279,1,65,141,188,177,140,3,134,201,299,298,139
2019_1,1000416,2908,1279,1629,15,469,620,720,637,447,8,167,300,317,247,240,7,302,320,403,390,207
2019_1,1000415,3035,1417,1618,5,403,639,739,708,541,5,136,312,337,323,304,0,267,327,402,385,237
2019_1,1000414,3585,1680,1905,8,385,840,962,908,482,4,133,293,400,520,330,4,252,547,562,388,152
2019_1,1000413,7151,3405,3746,27,791,1403,1836,1862,1232,11,287,606,842,935,724,16,504,797,994,927,508
2019_1,1000412,3809,1669,2140,18,438,698,975,957,723,6,153,316,444,362,388,12,285,382,531,595,335
2019_1,1000411,2341,1209,1132,6,250,456,544,596,489,3,111,236,270,283,306,3,139,220,274,313,183
2019_1,1000410,1549,818,731,2,171,384,472,393,127,1,76,229,239,211,62,1,95,155,233,182,65
2019_1,1000409,2221,1040,1181,7,263,394,550,558,449,4,98,207,252,240,239,3,165,187,298,318,210
2019_1,1000408,1417,476,941,4,175,292,390,379,177,3,43,109,123,118,80,1,132,183,267,261,97
2019_1,1000407,1742,674,1068,6,250,323,455,396,312,4,65,130,190,146,139,2,185,193,265,250,173
2019_1,1000406,2881,1090,1791,20,546,659,688,603,365,8,176,290,235,209,172,12,370,369,453,394,193
2019_1,1000405,3929,1484,2445,31,793,815,965,781,544,15,230,335,381,275,248,16,563,480,584,506,296
2019_1,1000404,3472,1316,2156,19,630,785,879,743,416,10,179,348,316,267,196,9,451,437,563,476,220
2019_1,1000403,4240,2004,2236,13,464,681,1015,1353,714,8,137,310,465,720,364,5,327,371,550,633,350
2019_1,1000402,4227,1925,2302,11,457,678,1031,1354,696,4,116,276,459,719,351,7,341,402,572,635,345
2019_1,1000401,3407,1345,2062,12,434,661,883,859,558,6,124,265,366,282,302,6,310,396,517,577,256
2019_1,1000400,4175,2025,2150,12,423,674,996,1362,708,4,122,277,460,737,425,8,301,397,536,625,283
2019_1,1000399,1791,751,1040,7,189,332,447,485,331,1,68,126,194,180,182,6,121,206,253,305,149
2019_1,1000398,2285,905,1380,8,316,456,583,553,369,3,91,181,250,205,175,5,225,275,333,348,194
2019_1,1000397,1468,751,717,7,216,254,257,275,459,3,37,78,134,144,355,4,179,176,123,131,104
2019_1,1000396,2059,871,1188,7,237,349,567,572,327,6,90,145,239,217,174,1,147,204,328,355,153
2019_1,1000395,2364,1441,923,2,136,264,526,912,524,0,46,108,292,658,337,2,90,156,234,254,187
2019_1,1000394,2324,1044,1280,8,344,495,557,580,340,6,165,230,237,232,174,2,179,265,320,348,166
2019_1,1000393,2720,1020,1700,4,388,592,683,705,348,1,126,237,279,225,152,3,262,355,404,480,196
2019_1,1000392,898,420,478,4,111,172,209,252,150,0,62,89,73,110,86,4,49,83,136,142,64
2019_1,1000391,1585,632,953,3,193,403,394,385,207,0,72,191,137,128,104,3,121,212,257,257,103
2019_1,1000390,1905,773,1132,1,236,414,505,458,291,0,49,164,209,186,165,1,187,250,296,272,126
2019_1,1000389,2464,1265,1199,5,229,401,622,711,496,2,76,163,265,397,362,3,153,238,357,314,134
2019_1,1000388,2289,1158,1131,4,220,320,477,573,695,1,99,181,215,264,398,3,121,139,262,309,297
2019_1,1000387,2538,1140,1398,4,263,379,626,738,528,0,103,214,284,308,231,4,160,165,342,430,297
2019_1,1000386,2498,941,1557,6,264,426,601,697,504,1,90,194,229,225,202,5,174,232,372,472,302
2019_1,1000385,2119,1100,1019,9,281,318,534,558,419,2,98,151,268,291,290,7,183,167,266,267,129
2019_1,1000384,3297,1204,2093,6,425,595,857,912,502,3,128,258,312,304,199,3,297,337,545,608,303
2019_1,1000383,3131,1164,1967,29,556,582,725,810,429,12,204,256,250,256,186,17,352,326,475,554,243
2019_1,1000382,3410,1385,2025,7,434,623,834,943,569,5,141,259,317,359,304,2,293,364,517,584,265
2019_1,1000381,3250,1937,1313,14,274,482,686,711,1083,7,131,286,343,384,786,7,143,196,343,327,297
2019_1,1000380,5554,3162,2392,20,537,871,1188,1271,1667,14,273,553,680,684,958,6,264,318,508,587,709
2019_1,1000379,8070,4082,3988,28,878,1346,1698,1963,2157,14,385,801,924,897,1061,14,493,545,774,1066,1096
2019_1,1000378,5242,2698,2544,17,1042,1325,1152,1165,541,13,387,625,621,697,355,4,655,700,531,468,186
2019_1,1000377,4681,2265,2416,13,606,1145,1147,1197,573,9,189,548,560,637,322,4,417,597,587,560,251
2019_1,1000376,1549,772,777,4,150,261,390,504,240,4,51,108,181,274,154,0,99,153,209,230,86
2019_1,1000375,1811,781,1030,3,341,406,450,406,205,0,80,177,211,177,136,3,261,229,239,229,69
2019_1,1000374,3367,1869,1498,12,313,622,774,915,731,9,106,279,399,558,518,3,207,343,375,357,213
2019_1,1000373,1599,553,1046,5,291,294,404,404,201,1,48,117,163,131,93,4,243,177,241,273,108
2019_1,1000372,1759,701,1058,4,230,292,431,466,336,2,81,137,185,164,132,2,149,155,246,302,204
2019_1,1000371,3573,1502,2071,16,506,678,827,893,653,10,160,334,351,339,308,6,346,344,476,554,345
2019_1,1000370,1390,673,717,0,121,243,330,407,289,0,33,84,134,177,245,0,88,159,196,230,44
2019_1,1000369,1790,701,1089,3,175,324,466,459,363,3,57,141,193,143,164,0,118,183,273,316,199
2019_1,1000368,1632,1164,468,3,84,172,420,602,351,1,36,95,280,477,275,2,48,77,140,125,76
2019_1,1000367,1298,981,317,1,53,117,303,522,302,1,19,71,234,435,221,0,34,46,69,87,81
2019_1,1000366,1648,879,769,4,137,230,404,515,358,1,45,107,192,302,232,3,92,123,212,213,126
2019_1,1000365,2020,1155,865,1,124,400,507,575,413,1,47,172,276,372,287,0,77,228,231,203,126
2019_1,1000364,2949,1620,1329,8,215,524,710,766,726,4,76,220,364,467,489,4,139,304,346,299,237
2019_1,1000363,2537,1419,1118,2,184,491,610,649,601,1,64,215,341,411,387,1,120,276,269,238,214
2019_1,1000362,3136,1562,1574,13,425,590,698,857,553,5,180,338,365,413,261,8,245,252,333,444,292
2019_1,1000361,2700,1304,1396,9,323,490,667,751,460,5,129,278,344,341,207,4,194,212,323,410,253
2019_1,1000360,2887,1370,1517,12,478,607,682,734,374,8,163,264,320,373,242,4,315,343,362,361,132
2019_1,1000359,3434,1534,1900,12,739,747,797,773,366,8,207,310,363,401,245,4,532,437,434,372,121
2019_1,1000358,3176,1657,1519,22,412,556,724,839,623,11,177,279,354,434,402,11,235,277,370,405,221
2019_1,1000357,1087,507,580,5,116,174,308,300,184,3,44,90,151,135,84,2,72,84,157,165,100
2019_1,1000356,1296,550,746,0,141,261,370,338,186,0,55,126,161,116,92,0,86,135,209,222,94
2019_1,1000355,1155,497,658,0,134,196,313,306,206,0,52,105,138,114,88,0,82,91,175,192,118
2019_1,1000354,1361,586,775,3,127,253,368,385,225,3,39,90,159,155,140,0,88,163,209,230,85
2019_1,1000353,3882,1946,1936,11,488,994,1019,963,407,6,153,459,501,553,274,5,335,535,518,410,133
2019_1,1000352,2895,1380,1515,12,487,628,682,716,370,8,168,273,331,363,237,4,319,355,351,353,133
2019_1,1000351,4166,2026,2140,11,449,955,1046,1142,563,9,146,421,498,627,325,2,303,534,548,515,238
2019_1,1000350,4968,2487,2481,23,609,1142,1139,1190,865,14,238,543,585,660,447,9,371,599,554,530,418
2019_1,1000349,5259,2693,2566,18,594,1241,1262,1456,688,11,222,655,633,814,358,7,372,586,629,642,330
2019_1,1000348,2136,973,1163,7,262,353,511,612,391,4,75,155,216,287,236,3,187,198,295,325,155
2019_1,1000347,2922,1580,1342,7,389,647,653,810,416,3,155,407,336,440,239,4,234,240,317,370,177
2019_1,1000346,2011,978,1033,12,291,333,482,516,377,7,109,154,229,244,235,5,182,179,253,272,142
2019_1,1000345,2164,973,1191,4,259,421,499,519,462,3,78,172,226,268,226,1,181,249,273,251,236
2019_1,1000344,2235,873,1362,8,261,499,594,543,330,5,71,201,240,198,158,3,190,298,354,345,172
2019_1,1000343,2547,1297,1250,1,240,447,659,806,394,0,67,215,359,433,223,1,173,232,300,373,171
2019_1,1000342,5765,3062,2703,20,798,1123,1273,1378,1173,9,309,661,693,745,645,11,489,462,580,633,528
2019_1,1000341,1088,430,658,4,142,259,299,297,87,3,42,90,116,130,49,1,100,169,183,167,38
2019_1,1000340,1465,634,831,5,169,304,421,317,249,2,68,139,168,121,136,3,101,165,253,196,113
2019_1,1000339,5147,2380,2767,9,663,873,1143,1303,1156,3,195,418,525,594,645,6,468,455,618,709,511
2019_1,1000338,3095,1422,1673,7,267,509,652,725,935,5,106,223,300,349,439,2,161,286,352,376,496
2019_1,1000337,3844,1621,2223,7,437,678,777,897,1048,4,147,273,344,380,473,3,290,405,433,517,575
2019_1,1000336,2636,1203,1433,6,365,538,616,612,499,4,114,209,285,284,307,2,251,329,331,328,192
2019_1,1000335,2274,1040,1234,6,317,452,558,537,404,4,107,175,252,237,265,2,210,277,306,300,139
2019_1,1000334,2326,1006,1320,3,251,486,573,642,371,1,68,216,246,260,215,2,183,270,327,382,156
2019_1,1000333,1442,503,939,1,171,321,410,362,177,0,46,108,122,125,102,1,125,213,288,237,75
2019_1,1000332,1522,653,869,6,163,289,392,418,254,6,48,128,165,177,129,0,115,161,227,241,125
2019_1,1000331,2162,849,1313,6,265,431,581,518,361,4,67,175,217,205,181,2,198,256,364,313,180
2019_1,1000330,1707,602,1105,7,250,398,495,342,215,4,70,136,152,128,112,3,180,262,343,214,103
2019_1,1000329,1806,839,967,6,215,364,485,424,312,4,70,156,204,204,201,2,145,208,281,220,111
2019_1,1000328,1114,440,674,3,161,262,328,276,84,2,49,93,116,122,58,1,112,169,212,154,26
2019_1,1000327,6320,3220,3100,20,743,1237,1381,1567,1372,12,276,591,695,884,762,8,467,646,686,683,610
2019_1,1000326,2486,1084,1402,3,490,541,568,594,290,2,118,254,267,275,168,1,372,287,301,319,122
2019_1,1000325,2864,1160,1704,16,539,737,664,568,340,7,169,321,277,215,171,9,370,416,387,353,169
2019_1,1000324,5726,3093,2633,6,721,1145,1289,1398,1167,2,254,644,712,807,674,4,467,501,577,591,493
2019_1,1000323,2058,877,1181,2,278,414,519,503,342,2,76,156,217,226,200,0,202,258,302,277,142
2019_1,1000322,2875,1260,1615,7,387,618,688,725,450,5,125,245,296,302,287,2,262,373,392,423,163
2019_1,1000321,2885,1303,1582,11,237,435,632,669,901,8,96,186,278,322,413,3,141,249,354,347,488
2019_1,1000320,1557,607,950,8,246,298,403,394,208,3,55,106,162,173,108,5,191,192,241,221,100
2019_1,1000319,7030,3606,3424,25,897,1536,1626,1848,1098,13,312,790,819,1058,614,12,585,746,807,790,484
2019_1,1000318,2293,1460,833,6,206,291,540,834,416,5,104,158,327,581,285,1,102,133,213,253,131
2019_1,1000317,1934,844,1090,3,316,350,497,504,264,1,70,172,247,211,143,2,246,178,250,293,121
2019_1,1000316,1640,761,879,6,225,337,381,426,265,3,76,169,189,185,139,3,149,168,192,241,126
2019_1,1000315,4792,2380,2412,17,522,1075,1140,1183,855,11,207,500,572,658,432,6,315,575,568,525,423
2019_1,1000314,3635,2270,1365,9,322,432,703,797,1372,2,115,222,374,470,1087,7,207,210,329,327,285
2019_1,1000313,2485,1116,1369,7,321,536,688,572,361,3,104,209,333,265,202,4,217,327,355,307,159
2019_1,1000312,4370,2308,2062,26,703,968,1154,997,522,4,274,543,645,569,273,22,429,425,509,428,249
2019_1,1000311,1967,978,989,5,238,447,587,444,246,1,94,216,288,205,174,4,144,231,299,239,72
2019_1,1000310,4281,2397,1884,7,1048,1198,890,723,415,1,503,758,502,381,252,6,545,440,388,342,163
2019_1,1000309,5057,2819,2238,7,1180,1334,1048,944,544,1,520,826,612,536,324,6,660,508,436,408,220
2019_1,1000308,2008,1052,956,8,243,364,519,552,322,2,88,176,273,314,199,6,155,188,246,238,123
2019_1,1000307,1300,565,735,12,165,280,337,311,195,9,53,115,119,154,115,3,112,165,218,157,80
2019_1,1000306,3313,1562,1751,34,520,787,898,704,370,15,144,335,416,420,232,19,376,452,482,284,138
2019_1,1000305,3415,1841,1574,7,391,565,664,681,1107,1,129,287,326,338,760,6,262,278,338,343,347
2019_1,1000304,4981,2784,2197,4,706,1436,1297,1083,455,1,250,676,760,755,342,3,456,760,537,328,113
2019_1,1000303,2393,1261,1132,8,350,523,619,618,275,2,132,320,362,342,103,6,218,203,257,276,172
2019_1,1000302,2678,1365,1313,9,345,582,715,685,342,3,127,336,392,375,132,6,218,246,323,310,210
2019_1,1000301,1605,581,1024,7,262,297,394,384,261,2,79,123,166,119,92,5,183,174,228,265,169
2019_1,1000300,1923,748,1175,7,313,388,495,460,260,2,91,151,197,169,138,5,222,237,298,291,122
2019_1,1000299,2471,1516,955,0,368,481,726,636,260,0,132,235,465,474,210,0,236,246,261,162,50
2019_1,1000298,2215,1060,1155,7,288,413,577,580,350,3,91,174,231,315,246,4,197,239,346,265,104
2019_1,1000297,1283,541,742,7,185,276,356,296,163,3,74,115,124,124,101,4,111,161,232,172,62
2019_1,1000296,3081,1958,1123,3,238,332,506,679,1323,0,92,173,256,390,1047,3,146,159,250,289,276
2019_1,1000295,4477,2498,1979,8,1110,1218,908,803,430,2,501,758,527,453,257,6,609,460,381,350,173
2019_1,1000294,3607,2015,1592,14,484,600,704,699,1106,3,167,309,380,378,778,11,317,291,324,321,328
2019_1,1000293,9127,4123,5004,23,1796,2543,2238,1903,624,9,435,970,1141,1186,382,14,1361,1573,1097,717,242
2019_1,1000292,9372,4693,4679,17,1723,2851,2377,1666,738,2,502,1224,1343,1094,528,15,1221,1627,1034,572,210
2019_1,1000291,8349,4109,4240,14,1610,2648,2076,1457,544,3,443,1112,1165,986,400,11,1167,1536,911,471,144
2019_1,1000290,6202,3133,3069,22,905,1487,1516,1546,726,10,342,662,767,945,407,12,563,825,749,601,319
2019_1,1000289,5131,1988,3143,12,1298,1528,1231,823,239,3,232,527,608,464,154,9,1066,1001,623,359,85
2019_1,1000288,5981,3349,2632,11,1319,1537,1296,1137,681,2,583,952,763,663,386,9,736,585,533,474,295
2019_1,1000287,2879,1453,1426,14,449,651,733,630,402,1,175,330,390,333,224,13,274,321,343,297,178
2019_1,1000286,3311,1481,1830,17,612,839,842,640,361,3,223,402,399,263,191,14,389,437,443,377,170
2019_1,1000285,4496,2418,2078,17,710,994,1110,936,729,3,270,536,634,527,448,14,440,458,476,409,281
2019_1,1000284,3837,1662,2175,15,684,841,871,800,626,2,203,365,411,354,327,13,481,476,460,446,299
2019_1,1000283,1472,827,645,3,174,236,381,418,260,2,65,107,204,260,189,1,109,129,177,158,71
2019_1,1000282,2892,1262,1630,30,481,759,800,537,285,13,142,330,346,278,153,17,339,429,454,259,132
2019_1,1000281,3190,1134,2056,27,498,677,810,703,475,10,123,280,283,214,224,17,375,397,527,489,251
2019_1,1000280,1692,776,916,1,284,353,451,417,186,1,108,135,203,212,117,0,176,218,248,205,69
2019_1,1000279,1644,761,883,7,311,354,433,377,162,2,120,140,205,201,93,5,191,214,228,176,69
2019_1,1000278,1906,749,1157,19,267,372,490,450,308,10,76,153,188,189,133,9,191,219,302,261,175
2019_1,1000277,9280,4213,5067,21,1870,2612,2203,1905,669,8,464,1023,1118,1189,411,13,1406,1589,1085,716,258
2019_1,1000276,6180,3087,3093,15,744,1392,1495,1670,864,7,277,617,753,972,461,8,467,775,742,698,403
2019_1,1000275,6229,2500,3729,13,1477,1749,1460,1067,463,4,294,638,717,563,284,9,1183,1111,743,504,179
2019_1,1000274,4013,2146,1867,11,446,677,785,779,1315,1,161,350,404,389,841,10,285,327,381,390,474
2019_1,1000273,2611,1421,1190,4,309,430,632,740,496,1,91,192,334,462,341,3,218,238,298,278,155
2019_1,1000272,2376,945,1431,30,335,554,663,473,321,15,93,232,244,213,148,15,242,322,419,260,173
2019_1,1000271,2298,1072,1226,18,347,480,578,507,368,9,114,263,275,236,175,9,233,217,303,271,193
2019_1,1000270,7953,3130,4823,17,1867,2178,1789,1381,721,3,405,797,850,670,405,14,1462,1381,939,711,316
2019_1,1000269,5509,2336,3173,20,813,913,992,1091,1680,3,238,425,474,471,725,17,575,488,518,620,955
2019_1,1000268,6156,2666,3490,17,903,1103,1205,1187,1741,4,272,543,589,516,742,13,631,560,616,671,999
2019_1,1000267,1521,858,663,3,131,254,349,445,339,1,45,100,163,301,248,2,86,154,186,144,91
2019_1,1000266,770,354,416,6,114,143,195,180,132,5,37,67,79,84,82,1,77,76,116,96,50
2019_1,1000265,3461,2193,1268,4,318,435,604,746,1354,0,126,228,326,439,1074,4,192,207,278,307,280
2019_1,1000264,2485,1178,1307,7,288,545,661,614,370,0,95,231,330,286,236,7,193,314,331,328,134
2019_1,1000263,3157,1791,1366,5,307,456,577,608,1204,1,109,222,269,292,898,4,198,234,308,316,306
2019_1,1000262,1731,991,740,2,139,301,436,502,351,1,42,139,224,336,249,1,97,162,212,166,102
2019_1,1000261,2018,744,1274,16,281,335,483,514,389,7,67,151,173,169,177,9,214,184,310,345,212
2019_1,1000260,4843,3012,1831,20,677,1036,1328,1281,501,12,312,613,847,894,334,8,365,423,481,387,167
2019_1,1000259,2120,1216,904,3,252,328,524,614,399,1,96,145,286,399,289,2,156,183,238,215,110
2019_1,1000258,3028,1572,1456,4,401,513,720,787,603,0,120,216,323,461,452,4,281,297,397,326,151
2019_1,1000257,1987,1051,936,1,254,354,476,500,402,0,89,172,225,281,284,1,165,182,251,219,118
2019_1,1000256,1971,998,973,4,223,263,481,572,428,1,78,118,233,313,255,3,145,145,248,259,173
2019_1,1000255,2546,1005,1541,6,336,487,626,650,441,2,97,184,235,239,248,4,239,303,391,411,193
2019_1,1000254,2371,1300,1071,6,328,412,574,700,351,1,107,176,324,422,270,5,221,236,250,278,81
2019_1,1000253,1196,628,568,1,124,257,312,313,189,0,52,128,161,172,115,1,72,129,151,141,74
2019_1,1000252,6060,3035,3025,13,596,1228,1497,1694,1032,8,186,509,664,967,701,5,410,719,833,727,331
2019_1,1000251,1970,944,1026,3,187,363,556,523,338,3,69,181,270,219,202,0,118,182,286,304,136
2019_1,1000250,2337,1157,1180,9,253,366,577,706,426,7,82,154,268,363,283,2,171,212,309,343,143
2019_1,1000249,4722,2691,2031,15,631,1038,1229,1022,787,5,268,657,637,555,569,10,363,381,592,467,218
2019_1,1000248,4247,2191,2056,13,538,998,1257,950,491,2,240,634,615,409,291,11,298,364,642,541,200
2019_1,1000247,2652,1306,1346,5,344,483,708,798,314,2,97,208,375,438,186,3,247,275,333,360,128
2019_1,1000246,2363,1189,1174,4,305,449,579,690,336,1,78,206,305,387,212,3,227,243,274,303,124
2019_1,1000245,2816,1307,1509,7,423,582,717,739,348,1,104,235,368,390,209,6,319,347,349,349,139
2019_1,1000244,2824,1327,1497,6,418,545,709,770,376,0,100,202,361,418,246,6,318,343,348,352,130
2019_1,1000243,2737,1300,1437,9,436,567,686,693,346,1,112,223,371,379,214,8,324,344,315,314,132
2019_1,1000242,1943,1136,807,1,198,318,498,675,253,0,73,150,278,458,177,1,125,168,220,217,76
2019_1,1000241,1832,1100,732,2,208,280,464,605,273,0,79,130,274,436,181,2,129,150,190,169,92
2019_1,1000240,2220,1176,1044,2,243,413,534,597,431,0,78,175,222,360,341,2,165,238,312,237,90
2019_1,1000239,3300,1586,1714,15,385,571,760,893,676,3,102,241,351,450,439,12,283,330,409,443,237
2019_1,1000238,2063,1013,1050,5,264,476,530,500,288,2,92,232,260,260,167,3,172,244,270,240,121
2019_1,1000237,3871,1954,1917,7,482,757,874,850,901,2,166,368,418,406,594,5,316,389,456,444,307
2019_1,1000236,2168,1179,989,3,233,365,455,451,661,2,88,177,230,224,458,1,145,188,225,227,203
2019_1,1000235,3178,1565,1613,7,313,547,714,728,869,2,111,221,338,308,585,5,202,326,376,420,284
2019_1,1000234,2631,1365,1266,6,242,410,571,584,818,4,89,193,296,248,535,2,153,217,275,336,283
2019_1,1000233,3257,1692,1565,10,330,544,740,753,880,6,120,253,384,344,585,4,210,291,356,409,295
2019_1,1000232,2110,849,1261,3,228,374,586,598,321,1,70,147,235,218,178,2,158,227,351,380,143
2019_1,1000231,3182,1650,1532,6,350,548,789,866,623,4,120,252,379,462,433,2,230,296,410,404,190
2019_1,1000230,5932,3120,2812,20,862,1346,1629,1309,766,11,334,783,803,680,509,9,528,563,826,629,257
2019_1,1000229,2256,1082,1174,4,239,413,593,613,394,3,75,182,280,294,248,1,164,231,313,319,146
2019_1,1000228,4830,2650,2180,11,589,1098,1402,1117,613,4,262,684,712,570,418,7,327,414,690,547,195
2019_1,1000227,1786,1050,736,1,183,302,462,602,236,0,61,144,267,421,157,1,122,158,195,181,79
2019_1,1000226,2349,1119,1230,6,336,509,585,570,343,2,105,254,273,273,212,4,231,255,312,297,131
2019_1,1000225,1893,785,1108,6,188,404,489,518,288,4,62,175,175,202,167,2,126,229,314,316,121
2019_1,1000224,2578,1140,1438,7,257,437,676,783,418,3,89,197,336,319,196,4,168,240,340,464,222
2019_1,1000223,2011,981,1030,7,223,338,485,595,363,3,63,162,215,289,249,4,160,176,270,306,114
2019_1,1000222,3936,2105,1831,13,514,931,1150,878,450,3,224,590,552,427,309,10,290,341,598,451,141
2019_1,1000221,2621,1375,1246,8,285,567,780,672,309,5,95,267,399,413,196,3,190,300,381,259,113
2019_1,1000220,2451,1315,1136,6,266,554,713,627,285,4,86,276,377,393,179,2,180,278,336,234,106
2019_1,1000219,576,254,322,2,71,114,168,134,87,1,29,42,71,61,50,1,42,72,97,73,37
2019_1,1000218,1532,758,774,6,223,271,338,290,404,4,91,143,163,122,235,2,132,128,175,168,169
2019_1,1000217,2993,1685,1308,4,426,672,831,670,390,3,233,379,446,362,262,1,193,293,385,308,128
2019_1,1000216,3836,2036,1800,4,524,746,948,980,634,1,276,447,504,470,338,3,248,299,444,510,296
2019_1,1000215,1948,868,1080,2,214,364,511,564,293,0,90,187,221,238,132,2,124,177,290,326,161
2019_1,1000214,8920,5286,3634,25,1160,1871,2081,1899,1884,12,529,1109,1304,1094,1238,13,631,762,777,805,646
2019_1,1000213,5759,3635,2124,15,685,1346,1343,1250,1120,5,373,888,807,747,815,10,312,458,536,503,305
2019_1,1000212,14144,8768,5376,68,2445,3069,2902,2718,2942,22,1211,1991,1888,1653,2003,46,1234,1078,1014,1065,939
2019_1,1000211,4559,2481,2078,4,563,1084,1183,1215,510,3,258,568,582,733,337,1,305,516,601,482,173
2019_1,1000210,8745,5262,3483,21,1621,2559,2074,1394,1076,3,674,1508,1380,935,762,18,947,1051,694,459,314
2019_1,1000209,13309,6843,6466,22,1792,3639,4178,2715,963,4,761,2143,2116,1251,568,18,1031,1496,2062,1464,395
2019_1,1000208,7698,3577,4121,4,1272,2142,2052,1629,599,1,309,828,1008,963,468,3,963,1314,1044,666,131
2019_1,1000207,4836,2844,1992,3,569,1337,1337,1084,506,1,220,673,807,780,363,2,349,664,530,304,143
2019_1,1000206,2569,1437,1132,2,371,682,560,606,348,2,170,421,327,335,182,0,201,261,233,271,166
2019_1,1000205,23971,19834,4137,48,2445,4148,7665,7947,1718,37,1648,3153,6574,7051,1371,11,797,995,1091,896,347
2019_1,1000204,3199,1446,1753,16,455,591,859,763,515,10,194,298,351,313,280,6,261,293,508,450,235
2019_1,1000203,3197,1676,1521,3,385,804,862,780,363,2,147,343,484,455,245,1,238,461,378,325,118
2019_1,1000202,10101,6207,3894,45,1355,2363,2390,2058,1890,22,641,1476,1441,1217,1410,23,714,887,949,841,480
2019_1,1000201,9893,5857,4036,38,1213,1997,2230,2114,2301,20,558,1169,1362,1206,1542,18,655,828,868,908,759
2019_1,1000200,4746,2111,2635,37,740,1000,1204,1094,671,9,254,464,557,473,354,28,486,536,647,621,317
2019_1,1000199,4908,2084,2824,22,704,958,1248,1242,734,5,228,433,547,510,361,17,476,525,701,732,373
2019_1,1000198,3575,1555,2020,36,560,795,930,768,486,12,172,331,425,349,266,24,388,464,505,419,220
2019_1,1000197,5253,2648,2605,34,781,1208,1351,1160,719,11,274,611,719,574,459,23,507,597,632,586,260
2019_1,1000196,4491,2146,2345,39,747,985,1147,978,595,13,277,477,579,465,335,26,470,508,568,513,260
2019_1,1000195,4576,2686,1890,4,585,1100,1192,1072,623,3,231,623,725,631,473,1,354,477,467,441,150
2019_1,1000194,1669,735,934,2,199,349,450,416,253,1,42,128,209,197,158,1,157,221,241,219,95
2019_1,1000193,4248,2262,1986,41,822,966,924,908,587,20,393,549,507,452,341,21,429,417,417,456,246
2019_1,1000192,2317,1334,983,5,294,419,524,556,519,5,129,235,334,288,343,0,165,184,190,268,176
2019_1,1000191,4345,2356,1989,4,523,1013,1100,1161,544,3,233,514,541,704,361,1,290,499,559,457,183
2019_1,1000190,3310,1960,1350,6,341,710,801,854,598,5,194,475,501,449,336,1,147,235,300,405,262
2019_1,1000189,2273,1232,1041,2,324,477,603,515,352,0,142,262,316,286,226,2,182,215,287,229,126
2019_1,1000188,3731,1932,1799,21,536,932,909,888,445,12,200,404,496,508,312,9,336,528,413,380,133
2019_1,1000187,1728,798,930,6,235,398,474,415,200,3,86,184,237,191,97,3,149,214,237,224,103
2019_1,1000186,5175,2731,2444,13,811,1209,1304,1067,771,4,364,666,662,523,512,9,447,543,642,544,259
2019_1,1000185,3672,1950,1722,3,464,745,988,948,524,2,248,409,514,477,300,1,216,336,474,471,224
2019_1,1000184,3283,1574,1709,2,392,840,848,816,385,1,114,326,413,446,274,1,278,514,435,370,111
2019_1,1000183,4590,2493,2097,9,878,1240,1109,772,582,1,356,625,649,459,403,8,522,615,460,313,179
2019_1,1000182,11118,7623,3495,31,1445,2642,2724,2843,1433,14,755,1780,2100,2024,950,17,690,862,624,819,483
2019_1,1000181,2322,1097,1225,23,426,492,525,410,446,10,134,240,262,188,263,13,292,252,263,222,183
2019_1,1000180,4680,2159,2521,22,856,1112,1033,1007,650,9,233,474,526,510,407,13,623,638,507,497,243
2019_1,1000179,4261,1925,2336,22,798,1038,942,925,536,9,205,427,469,460,355,13,593,611,473,465,181
2019_1,1000178,4321,2270,2051,23,609,960,1099,954,676,8,216,486,590,515,455,15,393,474,509,439,221
2019_1,1000177,4317,2181,2136,14,676,924,1072,1019,612,6,300,465,549,500,361,8,376,459,523,519,251
2019_1,1000176,5672,2942,2730,31,906,1316,1450,1214,755,10,352,692,814,616,458,21,554,624,636,598,297
2019_1,1000175,4598,2433,2165,14,668,1007,1172,1038,699,4,286,545,649,544,405,10,382,462,523,494,294
2019_1,1000174,3256,1438,1818,13,448,617,787,869,522,4,159,323,358,369,225,9,289,294,429,500,297
2019_1,1000173,3461,2098,1363,4,442,747,887,818,563,2,257,459,552,467,361,2,185,288,335,351,202
2019_1,1000172,2046,1042,1004,9,269,423,523,508,314,8,109,224,280,238,183,1,160,199,243,270,131
2019_1,1000171,1192,577,615,4,184,217,333,274,180,1,81,103,174,134,84,3,103,114,159,140,96
2019_1,1000170,15058,7007,8051,73,1851,3194,4074,3378,2488,50,726,1691,1791,1401,1348,23,1125,1503,2283,1977,1140
2019_1,1000169,7141,3071,4070,10,1333,1986,1740,1405,667,2,371,818,787,681,412,8,962,1168,953,724,255
2019_1,1000168,4651,1905,2746,10,1129,1412,943,801,356,4,348,663,391,321,178,6,781,749,552,480,178
2019_1,1000167,3585,1748,1837,30,476,780,808,864,627,11,198,378,407,395,359,19,278,402,401,469,268
2019_1,1000166,4838,2376,2462,17,618,1052,1192,1165,794,6,247,510,574,549,490,11,371,542,618,616,304
2019_1,1000165,5742,3224,2518,12,841,1399,1527,1218,745,5,380,783,890,693,473,7,461,616,637,525,272
2019_1,1000164,1786,798,988,4,158,346,505,471,302,3,58,153,211,194,179,1,100,193,294,277,123
2019_1,1000163,2807,1348,1459,6,317,456,660,787,581,2,115,230,302,353,346,4,202,226,358,434,235
2019_1,1000162,2824,1318,1506,31,391,656,697,678,371,13,148,308,336,315,198,18,243,348,361,363,173
2019_1,1000161,4330,2058,2272,28,540,850,1044,1112,756,10,217,410,497,500,424,18,323,440,547,612,332
2019_1,1000160,5263,3393,1870,4,557,1228,1457,1408,609,3,268,773,987,1009,353,1,289,455,470,399,256
2019_1,1000159,12753,7413,5340,34,1862,2861,3212,3261,1523,12,587,1340,2074,2239,1161,22,1275,1521,1138,1022,362
2019_1,1000158,8047,5016,3031,25,960,1518,2091,2086,1367,7,377,871,1429,1350,982,18,583,647,662,736,385
2019_1,1000157,5244,2657,2587,9,757,1147,1282,1167,882,3,322,585,648,567,532,6,435,562,634,600,350
2019_1,1000156,4152,1889,2263,8,399,851,1052,1145,697,3,119,382,513,517,355,5,280,469,539,628,342
2019_1,1000155,4443,2376,2067,17,775,1084,1058,898,611,11,261,553,652,483,416,6,514,531,406,415,195
2019_1,1000154,4259,2000,2259,22,581,769,831,984,1072,12,209,372,416,456,535,10,372,397,415,528,537
2019_1,1000153,8966,5216,3750,11,681,1560,2669,2939,1106,6,335,948,1677,1577,673,5,346,612,992,1362,433
2019_1,1000152,12146,7228,4918,24,1574,2892,3258,3188,1210,10,535,1456,2134,2241,852,14,1039,1436,1124,947,358
2019_1,1000151,8136,4004,4132,21,1452,2198,1815,1572,1078,8,451,915,942,888,800,13,1001,1283,873,684,278
2019_1,1000150,2393,1489,904,1,241,395,585,764,407,0,97,212,342,545,293,1,144,183,243,219,114
2019_1,1000149,4295,2893,1402,8,346,727,1259,1445,510,3,179,458,938,958,357,5,167,269,321,487,153
2019_1,1000148,4580,3064,1516,8,348,785,1323,1507,609,3,184,494,967,1003,413,5,164,291,356,504,196
2019_1,1000147,1566,705,861,1,131,307,404,406,317,0,50,140,161,167,187,1,81,167,243,239,130
2019_1,1000146,2118,939,1179,6,284,450,572,511,295,3,102,204,243,216,171,3,182,246,329,295,124
2019_1,1000145,1520,917,603,1,198,295,363,345,318,0,87,198,207,196,229,1,111,97,156,149,89
2019_1,1000144,3273,1739,1534,22,632,793,773,630,423,10,283,447,402,314,283,12,349,346,371,316,140
2019_1,1000143,7166,4501,2665,48,1600,1861,1558,1267,832,26,925,1297,1030,676,547,22,675,564,528,591,285
2019_1,1000142,9072,5783,3289,55,1871,2302,2032,1747,1065,36,1069,1578,1337,1045,718,19,802,724,695,702,347
2019_1,1000141,1603,719,884,8,178,319,439,399,260,4,56,134,183,172,170,4,122,185,256,227,90
2019_1,1000140,1612,789,823,6,230,307,397,374,298,2,71,153,182,179,202,4,159,154,215,195,96
2019_1,1000139,8033,3684,4349,30,1480,1791,1817,1789,1126,12,623,879,844,698,628,18,857,912,973,1091,498
2019_1,1000138,5593,2554,3039,24,1293,1595,1248,970,463,10,400,663,656,497,328,14,893,932,592,473,135
2019_1,1000137,9580,4943,4637,74,2470,2817,2028,1434,757,34,1031,1568,1118,683,509,40,1439,1249,910,751,248
2019_1,1000136,3214,1328,1886,7,344,668,797,848,550,2,101,291,338,338,258,5,243,377,459,510,292
2019_1,1000135,3969,2085,1884,12,414,798,936,969,840,6,152,469,523,481,454,6,262,329,413,488,386
2019_1,1000134,3329,1658,1671,9,357,656,753,846,708,4,114,353,351,413,423,5,243,303,402,433,285
2019_1,1000133,3797,1708,2089,6,383,682,1023,1047,656,3,119,337,481,460,308,3,264,345,542,587,348
2019_1,1000132,10178,5587,4591,29,918,1678,2666,3263,1624,17,430,1005,1622,1656,857,12,488,673,1044,1607,767
2019_1,1000131,2184,1056,1128,0,244,416,566,586,372,0,66,187,295,309,199,0,178,229,271,277,173
2019_1,1000130,2418,1239,1179,9,306,475,546,651,431,3,94,213,282,357,290,6,212,262,264,294,141
2019_1,1000129,3597,2179,1418,7,483,906,837,856,508,3,205,576,526,553,316,4,278,330,311,303,192
2019_1,1000128,4327,1851,2476,21,1095,1352,955,659,245,8,307,529,491,350,166,13,788,823,464,309,79
2019_1,1000127,6290,3755,2535,50,1396,1682,1361,1110,691,28,722,1148,805,579,473,22,674,534,556,531,218
2019_1,1000126,1861,808,1053,7,392,433,446,351,232,2,139,188,182,154,143,5,253,245,264,197,89
2019_1,1000125,1364,561,803,7,266,316,335,291,149,2,98,128,125,121,87,5,168,188,210,170,62
2019_1,1000124,12953,8082,4871,17,1336,2807,3183,3842,1768,15,684,1725,2046,2483,1129,2,652,1082,1137,1359,639
2019_1,1000123,1171,436,735,6,178,286,258,262,181,2,46,107,100,88,93,4,132,179,158,174,88
2019_1,1000122,4577,2409,2168,12,686,1078,1115,959,727,5,325,588,571,449,471,7,361,490,544,510,256
2019_1,1000121,25249,20572,4677,69,2581,4298,8129,8301,1871,43,1685,3209,6855,7286,1494,26,896,1089,1274,1015,377
2019_1,1000120,30716,16912,13804,189,7527,9480,7021,4617,1882,87,3335,5817,4243,2172,1258,102,4192,3663,2778,2445,624
2019_1,1000119,4770,2307,2463,12,749,1084,1065,1056,804,4,253,530,591,524,405,8,496,554,474,532,399
2019_1,1000118,11724,6200,5524,52,2001,2685,2868,2620,1498,23,724,1361,1622,1596,874,29,1277,1324,1246,1024,624
2019_1,1000117,2947,1227,1720,13,509,647,748,688,342,7,162,244,297,312,205,6,347,403,451,376,137
2019_1,1000116,16569,9869,6700,51,3733,5344,3632,2311,1498,20,1479,3264,2430,1580,1096,31,2254,2080,1202,731,402
2019_1,1000115,33395,18340,15055,189,8114,10128,7863,4980,2121,83,3611,6135,4649,2441,1421,106,4503,3993,3214,2539,700
2019_1,1000114,25047,15338,9709,146,5145,6532,5779,4763,2682,89,2660,4367,3727,2708,1787,57,2485,2165,2052,2055,895
2019_1,1000113,30097,18222,11875,167,6224,7926,7168,5523,3089,91,2943,5061,4646,3364,2117,76,3281,2865,2522,2159,972
2019_1,1000112,12547,7636,4911,76,2571,3521,2923,2180,1276,42,1225,2252,1787,1351,979,34,1346,1269,1136,829,297
2019_1,1000111,1465,717,748,1,194,332,358,325,255,1,89,177,170,131,149,0,105,155,188,194,106
2019_1,1000110,44749,24947,19802,280,10837,13298,10255,6783,3296,129,4912,8156,6300,3459,1991,151,5925,5142,3955,3324,1305
2019_1,1000109,57714,26163,31551,291,11321,14432,15766,13805,2099,180,6315,9826,6358,2351,1133,111,5006,4606,9408,11454,966
2019_1,1000108,27076,16677,10399,112,5358,7026,6464,5114,3002,69,2758,4629,4301,3036,1884,43,2600,2397,2163,2078,1118
2019_1,1000107,35179,14361,20818,154,5236,8090,10776,10308,615,113,3418,5848,3468,1108,406,41,1818,2242,7308,9200,209
2019_1,1000106,37415,15718,21697,144,5760,8639,11381,10621,870,105,3648,6196,3891,1305,573,39,2112,2443,7490,9316,297
2019_1,1000105,7418,4488,2930,36,1468,2107,1789,1246,772,17,609,1246,1185,828,603,19,859,861,604,418,169
2019_1,1000104,30123,16326,13797,161,7246,9398,7041,4520,1757,71,3220,5726,4113,2072,1124,90,4026,3672,2928,2448,633
2019_1,1000103,15431,9227,6204,48,3566,5142,3402,2019,1254,21,1410,3163,2300,1406,927,27,2156,1979,1102,613,327
2019_1,1000102,7462,3626,3836,7,1642,1742,2013,1498,560,6,483,779,996,929,433,1,1159,963,1017,569,127
2019_1,1000101,1475,593,882,5,202,313,413,332,210,4,63,118,163,125,120,1,139,195,250,207,90
2019_1,1000100,6826,3496,3330,28,1401,1603,1605,1300,889,13,470,817,879,788,529,15,931,786,726,512,360
2019_1,1000099,9261,5075,4186,42,1540,1960,2199,2161,1359,21,570,1054,1328,1306,796,21,970,906,871,855,563
2019_1,1000098,1218,473,745,3,159,269,297,298,192,1,45,99,108,113,107,2,114,170,189,185,85
2019_1,1000097,1764,750,1014,7,302,458,399,352,246,1,90,200,182,144,133,6,212,258,217,208,113
2019_1,1000096,11138,5745,5393,30,2135,2551,2964,2501,957,16,671,1146,1550,1659,703,14,1464,1405,1414,842,254
2019_1,1000095,2806,1716,1090,4,256,576,712,773,485,2,123,324,421,460,386,2,133,252,291,313,99
2019_1,1000094,3070,1982,1088,4,296,649,814,812,495,2,174,415,526,504,361,2,122,234,288,308,134
2019_1,1000093,12883,8078,4805,41,1319,2688,3256,3740,1839,25,655,1601,2122,2462,1213,16,664,1087,1134,1278,626
2019_1,1000092,58712,26727,31985,310,12025,15595,15788,13415,1579,185,6584,10421,6338,2224,975,125,5441,5174,9450,11191,604
2019_1,1000091,33878,13431,20447,148,4970,7599,10503,10107,551,107,3280,5518,3262,936,328,41,1690,2081,7241,9171,223
2019_1,1000090,1669,663,1006,6,238,392,391,392,250,1,59,154,152,168,129,5,179,238,239,224,121
2019_1,1000089,1570,613,957,5,237,339,373,335,281,2,67,144,143,110,147,3,170,195,230,225,134
2019_1,1000088,9931,4828,5103,31,2123,2244,2560,2022,951,15,663,998,1270,1191,691,16,1460,1246,1290,831,260
2019_1,1000087,6036,2917,3119,14,549,1050,2071,1792,560,5,199,535,970,903,305,9,350,515,1101,889,255
2019_1,1000086,1974,1034,940,2,195,422,558,418,379,0,74,223,311,199,227,2,121,199,247,219,152
2019_1,1000085,4972,2552,2420,18,593,926,1531,1180,724,10,289,509,631,667,446,8,304,417,900,513,278
2019_1,1000084,8040,4195,3845,26,2044,2534,1784,1082,570,17,744,1410,1039,638,347,9,1300,1124,745,444,223
2019_1,1000083,6640,3400,3240,67,1196,1479,1988,1372,538,34,496,782,897,814,377,33,700,697,1091,558,161
2019_1,1000082,22178,14586,7592,175,7619,7224,4586,1809,765,59,3593,4993,3891,1542,508,116,4026,2231,695,267,257
2019_1,1000081,11320,7804,3516,18,1119,2701,3434,2843,1205,9,528,1756,2602,2074,835,9,591,945,832,769,370
2019_1,1000080,33148,15409,17739,156,8109,11311,8284,3869,1419,57,2609,5056,4208,2510,969,99,5500,6255,4076,1359,450
2019_1,1000079,46231,23060,23171,366,13928,15679,10347,4148,1763,147,5239,8005,5823,2673,1173,219,8689,7674,4524,1475,590
2019_1,1000078,23870,15623,8247,163,7751,7577,4924,2288,1167,56,3645,5177,4094,1809,842,107,4106,2400,830,479,325
2019_1,1000077,54025,30252,23773,373,15429,17796,13177,5206,2044,97,5492,10895,9348,3075,1345,276,9937,6901,3829,2131,699
2019_1,1000076,7644,4456,3188,31,1002,1638,1413,1727,1833,16,371,804,856,958,1451,15,631,834,557,769,382
2019_1,1000075,10077,4734,5343,31,1495,2351,2140,2378,1682,20,468,1075,1115,963,1093,11,1027,1276,1025,1415,589
2019_1,1000074,8965,4855,4110,34,1539,2276,1991,1741,1384,22,536,1105,1184,945,1063,12,1003,1171,807,796,321
2019_1,1000073,14567,7529,7038,699,5228,4041,2376,1556,667,297,2352,2257,1312,871,440,402,2876,1784,1064,685,227
2019_1,1000072,1171,625,546,2,144,232,307,281,205,1,55,116,166,151,136,1,89,116,141,130,69
2019_1,1000071,10780,5518,5262,43,3019,3762,2274,1141,541,20,1141,1992,1406,676,283,23,1878,1770,868,465,258
2019_1,1000070,9790,5390,4400,46,2341,3086,2007,1462,848,20,1163,1666,1166,910,465,26,1178,1420,841,552,383
2019_1,1000069,9172,4945,4227,157,4630,2029,1330,628,398,53,1950,1221,1064,480,177,104,2680,808,266,148,221
2019_1,1000068,26676,12967,13709,784,8518,8620,5543,2365,846,316,3717,4384,2748,1292,510,468,4801,4236,2795,1073,336
2019_1,1000067,10081,6777,3304,80,1476,3196,2835,1465,1029,52,884,2300,1965,928,648,28,592,896,870,537,381
2019_1,1000066,15765,9646,6119,206,5614,4276,3307,1554,808,92,2549,2850,2510,1136,509,114,3065,1426,797,418,299
2019_1,1000065,16922,10437,6485,198,5695,4451,3446,1783,1349,88,2589,2971,2631,1290,868,110,3106,1480,815,493,481
2019_1,1000064,1300,746,554,1,214,311,329,252,193,0,97,182,181,156,130,1,117,129,148,96,63
2019_1,1000063,5927,3273,2654,26,1458,2177,1259,627,380,10,706,1219,786,356,196,16,752,958,473,271,184
2019_1,1000062,6345,2934,3411,17,1490,2044,1493,836,465,6,436,957,831,465,239,11,1054,1087,662,371,226
2019_1,1000061,5222,2507,2715,10,490,883,1783,1596,460,4,187,444,812,816,244,6,303,439,971,780,216
2019_1,1000060,3753,1828,1925,9,342,630,1450,1022,300,3,158,309,610,576,172,6,184,321,840,446,128
2019_1,1000059,3589,1918,1671,9,721,1093,972,570,224,0,245,521,590,390,172,9,476,572,382,180,52
2019_1,1000058,21952,10470,11482,756,7268,6584,4148,2153,1043,313,3177,3327,1971,1103,579,443,4091,3257,2177,1050,464
2019_1,1000057,13752,5689,8063,98,3429,4426,3154,1686,959,33,1294,1846,1222,774,520,65,2135,2580,1932,912,439
2019_1,1000056,12369,6375,5994,82,1748,2545,3403,3113,1478,40,761,1481,1794,1445,854,42,987,1064,1609,1668,624
2019_1,1000055,5556,2861,2695,21,1318,1504,1250,941,522,10,485,829,696,531,310,11,833,675,554,410,212
2019_1,1000054,4204,2064,2140,14,580,831,1428,1048,303,5,277,442,553,577,210,9,303,389,875,471,93
2019_1,1000053,6792,3472,3320,25,1152,1479,1984,1615,537,9,595,760,815,969,324,16,557,719,1169,646,213
2019_1,1000052,5325,2986,2339,28,1288,1542,1048,919,500,13,703,855,544,583,288,15,585,687,504,336,212
2019_1,1000051,7264,4027,3237,34,1610,2014,1613,1348,645,13,767,1042,902,895,408,21,843,972,711,453,237
2019_1,1000050,2747,1471,1276,4,451,847,854,467,124,0,137,402,530,313,89,4,314,445,324,154,35
2019_1,1000049,5017,2619,2398,17,836,1242,1136,1108,678,4,361,664,630,566,394,13,475,578,506,542,284
2019_1,1000048,50117,29933,20184,172,7446,17873,16120,7026,1480,44,3142,10045,10344,5370,988,128,4304,7828,5776,1656,492
2019_1,1000047,30673,15330,15343,134,6878,8290,7158,5853,2360,41,3518,5058,3927,1941,845,93,3360,3232,3231,3912,1515
2019_1,1000046,13011,7574,5437,50,1857,3346,3560,2724,1474,24,707,1759,2198,1842,1044,26,1150,1587,1362,882,430
2019_1,1000045,36728,15290,21438,112,6361,12640,10809,5454,1352,35,1904,5076,4316,3189,770,77,4457,7564,6493,2265,582
2019_1,1000044,27804,13761,14043,98,4461,9678,8145,4306,1116,39,1497,4410,4018,3095,702,59,2964,5268,4127,1211,414
2019_1,1000043,4470,2410,2060,13,1096,1320,986,693,362,6,431,816,596,358,203,7,665,504,390,335,159
2019_1,1000042,13278,6709,6569,74,4024,3708,2549,1866,1057,32,1533,2038,1559,952,595,42,2491,1670,990,914,462
2019_1,1000041,8955,5290,3665,22,1837,2602,2132,1562,800,4,745,1535,1443,1027,536,18,1092,1067,689,535,264
2019_1,1000040,75486,37420,38066,858,16309,23343,20094,10289,4593,370,6478,10754,10646,6268,2904,488,9831,12589,9448,4021,1689
2019_1,1000039,159325,79755,79570,780,39434,52745,38177,20502,7687,276,14570,24756,22083,13428,4642,504,24864,27989,16094,7074,3045
2019_1,1000038,7383,3315,4068,72,2086,1808,1382,1174,861,32,714,853,717,519,480,40,1372,955,665,655,381
2019_1,1000037,13400,7311,6089,63,3637,3864,2826,1940,1070,26,1448,2253,1862,1091,631,37,2189,1611,964,849,439
2019_1,1000036,12874,6144,6730,81,3822,3467,2553,1858,1093,37,1397,1655,1420,987,648,44,2425,1812,1133,871,445
2019_1,1000035,8384,3931,4453,44,2517,2400,1727,1100,596,20,925,1131,929,584,342,24,1592,1269,798,516,254
2019_1,1000034,9643,4691,4952,76,2514,2576,1962,1557,958,33,947,1392,1077,709,533,43,1567,1184,885,848,425
2019_1,1000033,8877,4200,4677,29,1887,2713,2072,1404,772,12,691,1329,1041,698,429,17,1196,1384,1031,706,343
2019_1,1000032,7667,3783,3884,28,1625,2293,1866,1228,627,10,572,1104,1020,677,400,18,1053,1189,846,551,227
2019_1,1000031,2890,1388,1502,12,490,737,730,598,323,8,170,365,358,286,201,4,320,372,372,312,122
2019_1,1000030,9534,4463,5071,36,1975,2754,2308,1631,830,11,697,1309,1168,811,467,25,1278,1445,1140,820,363
2019_1,1000029,5013,2683,2330,52,866,986,961,1039,1109,43,375,564,569,528,604,9,491,422,392,511,505
2019_1,1000028,4623,2344,2279,14,848,1186,1011,979,585,5,358,635,561,475,310,9,490,551,450,504,275
2019_1,1000027,6750,2908,3842,23,897,1110,1251,1789,1680,8,433,572,594,592,709,15,464,538,657,1197,971
2019_1,1000026,1182,522,660,2,213,292,248,214,213,1,61,131,128,87,114,1,152,161,120,127,99
2019_1,1000025,1565,613,952,2,277,356,343,339,248,1,57,112,141,148,154,1,220,244,202,191,94
2019_1,1000024,1338,451,887,0,206,295,319,342,176,0,47,99,133,112,60,0,159,196,186,230,116
2019_1,1000023,2536,962,1574,6,307,548,750,568,357,2,87,190,255,236,192,4,220,358,495,332,165
2019_1,1000022,2332,1155,1177,5,298,524,602,541,362,3,101,284,317,253,197,2,197,240,285,288,165
2019_1,1000021,2381,1231,1150,18,395,530,575,526,337,9,126,241,305,310,240,9,269,289,270,216,97
2019_1,1000020,3025,1269,1756,12,412,684,843,642,432,4,151,265,304,279,266,8,261,419,539,363,166
2019_1,1000019,5653,2860,2793,12,547,870,1149,1260,1815,5,210,458,570,563,1054,7,337,412,579,697,761
2019_1,1000018,4398,1862,2536,13,707,1208,1164,790,516,5,269,482,423,379,304,8,438,726,741,411,212
2019_1,1000017,12506,7735,4771,50,1580,2557,3133,2975,2211,14,675,1562,1998,1871,1615,36,905,995,1135,1104,596
2019_1,1000016,11104,5822,5282,24,1946,2629,2223,2376,1906,8,1084,1620,1289,983,838,16,862,1009,934,1393,1068
2019_1,1000015,23221,10158,13063,62,5293,7719,5209,3655,1283,24,1482,2960,2683,2183,826,38,3811,4759,2526,1472,457
2019_1,1000014,23379,10648,12731,49,4963,7724,5513,3807,1323,20,1378,3027,2916,2396,911,29,3585,4697,2597,1411,412
2019_1,1000013,27532,20919,6613,54,4763,9468,6973,4757,1517,16,2332,7458,5804,4137,1172,38,2431,2010,1169,620,345
2019_1,1000012,1899,862,1037,2,374,571,448,340,164,0,135,286,198,158,85,2,239,285,250,182,79
2019_1,1000011,6847,3368,3479,34,860,1186,1330,1398,2039,10,283,589,680,621,1185,24,577,597,650,777,854
2019_1,1000010,14045,4934,9111,15,3495,4890,2902,1963,780,8,846,1502,1116,956,506,7,2649,3388,1786,1007,274
2019_1,1000009,5338,3444,1894,4,988,1637,1431,996,282,4,569,1048,996,673,154,0,419,589,435,323,128
2019_1,1000008,5645,3612,2033,3,1012,1805,1516,1032,277,3,587,1122,1039,700,161,0,425,683,477,332,116
2019_1,1000007,7360,4379,2981,54,1670,2325,1800,1094,417,22,853,1442,1198,639,225,32,817,883,602,455,192
2019_1,1000006,22845,18760,4085,44,3018,8643,6156,4179,805,19,1832,7182,5392,3737,598,25,1186,1461,764,442,207
2019_1,1000005,1820,994,826,5,359,564,456,283,153,5,104,306,309,170,100,0,255,258,147,113,53
2019_1,1000004,2196,1194,1002,5,303,557,549,506,276,3,91,242,312,324,222,2,212,315,237,182,54
2019_1,1000003,44890,32318,12572,172,7794,14982,11414,7764,2764,90,3651,10986,9214,6404,1973,82,4143,3996,2200,1360,791
2019_1,1000002,13270,6153,7117,76,1514,2777,3573,3072,2258,51,645,1518,1549,1210,1180,25,869,1259,2024,1862,1078
2019_1,1000001,24345,19877,4468,38,2998,9065,6749,4579,916,19,1823,7439,5793,4086,717,19,1175,1626,956,493,199
